     11233      29937 
     11598     397760 
     11650     234808 
     12107      57720 
     12287     236126 
     12364     398413 
     12375      70692 
     12691     390687 
     13253     378582 
     13391       5393 
     13497     307285 
     13498     148585 
     13613      92954 
     13967     156276 
     14855     414248 
     14923      45572 
     14974     117214 
     15091     118726 
     15506     403596 
     15582     403417 
     16226     194091 
     16878      93148 
     17243      64101 
     17295     383164 
     17392      62529 
     17688      42838 
     17718      43687 
     18463      23275 
     18584     107878 
     18609     179177 
     18814     321860 
     18877     351004 
     18878      62299 
     19561     142210 
     20171     405247 
     20197     234128 
     20293     152451 
     20365     399361 
     20405     257977 
     20622     432738 
     20671     401048 
     20806     294233 
     21319     100449 
     22620     209329 
     23187     282378 
     23271     334853 
     23581      72198 
     24606     271190 
     24702     101098 
     24951     146435 
     25497     240933 
     25593     366671 
     25950     366796 
     25958     372421 
     26179     333279 
     26928     147183 
     27177     147370 
     27393     454348 
     27646     193583 
     27666     201070 
     27719     273357 
     27812     313957 
     28106      68204 
     28122     352399 
     28128     164567 
     28368      76979 
     28378      20541 
     28510     400675 
     28736      43762 
     29495     404177 
     30370     170101 
     30656      96491 
     30691     365802 
     30731       4526 
     31008     412797 
     31484     343144 
     31970      11436 
     32176     364576 
     33486     386046 
     33661     313058 
     33663      84880 
     34201     309430 
     34518     151797 
     34654     458469 
     35109     297179 
     35235     286910 
     35636     453879 
     35966      86050 
     36134      19544 
     36146     331860 
     36928     126710 
     37390     206795 
     37467     255393 
     37631     426314 
     37755     173190 
     38242      48150 
     38365     156797 
     38713     142348 
     38715     166560 
     38898     236474 
     38922     247127 
     39113     341630 
     39192      75127 
     39767     289534 
     40112     317320 
     40251     362244 
     40425     104313 
     40803     307617 
     41316     214715 
     42618      70137 
     42983     178512 
     43836     122553 
     44659     252069 
     44687     282786 
     45708      31674 
     45947     460625 
     46433     337778 
     46543     273174 
     46928     321134 
     47158     240153 
     47239     331036 
     47422     216833 
     47512     218368 
     47706     128795 
     47772     278104 
     47776      35648 
     48838      35915 
     49537     153445 
     49668     399825 
     49780     197761 
     49846     257559 
     49955     193033 
     50036      43303 
     50287      20118 
     51919     267003 
     52723     154461 
     52786     250734 
     52826     294444 
     52913     110184 
     53589      33465 
     54011     516685 
     54328     540664 
     54515      70835 
     54745     514157 
     54935     432490 
     55073     170020 
     55084     235647 
     55816     495260 
     57480      75286 
     57498     363259 
     57588     510719 
     57610     318571 
     57787     412656 
     57834     510458 
     57835     228630 
     57963     188245 
     58355     342986 
     58368      31838 
     58653     118356 
