11000 526.332436096 11.735511168 514.596924928
11001 1804.180405872 40.172795392 1764.007610480
11008 3605.449581840 80.406274224 3525.043307616
11009 3604.444005472 80.203999680 3524.240005792
11010 3605.420936384 80.256192480 3525.164743904
11011 3605.393004352 80.251706832 3525.141297520
11012 3605.391155360 80.267331904 3525.123823456
11013 3605.365069120 80.667343264 3524.697725856
11014 3604.394775856 80.473343648 3523.921432208
11015 3605.355308800 80.310873264 3525.044435536
11016 3604.381015600 80.591133952 3523.789881648
11017 3605.359060960 80.292860288 3525.066200672
11018 3605.284259792 80.639638288 3524.644621504
11019 3382.369256112 75.427692112 3306.941564000
11152 3605.378595056 80.122974784 3525.255620272
11153 3606.320265904 80.484108128 3525.836157776
11154 3605.369378352 80.446962528 3524.922415824
11155 3605.364344320 80.420299232 3524.944045088
11164 2983.947963904 66.616368192 2917.331595712
11165 3604.353952144 80.342364384 3524.011587760
11166 3605.410233968 80.482039216 3524.928194752
11167 3605.952452624 80.370453312 3525.581999312
11168 3605.427273632 80.444016384 3524.983257248
11169 3605.380289104 80.136179072 3525.244110032
11171 3605.412964704 80.412897616 3525.000067088
11181 3604.442810128 80.267171184 3524.175638944
11182 3605.390462176 80.138905488 3525.251556688
11183 3605.373487504 80.165272960 3525.208214544
11192 3605.453974960 80.275142224 3525.178832736
11193 3604.402840176 80.484740288 3523.918099888
11210 3605.330413264 80.237137056 3525.093276208
11219 3605.385935888 80.053887296 3525.332048592
11220 3604.422386768 80.053425680 3524.368961088
11221 3604.444292960 80.418583840 3524.025709120
11222 3603.408941760 80.325961440 3523.082980320
11231 3604.412459712 80.353012592 3524.059447120
11232 3604.489952496 80.150772304 3524.339180192
11233 3604.415333968 80.133855872 3524.281478096
11234 3605.368666800 80.363803712 3525.004863088
11243 3604.425076160 80.089127600 3524.335948560
11244 3605.367879696 80.355628064 3525.012251632
11246 3604.341396432 80.027194880 3524.314201552
11255 3604.825670368 80.184877456 3524.640792912
11256 3605.368180336 80.398142384 3524.970037952
11477 3606.336093344 80.201274048 3526.134819296
11478 3606.445116096 80.369397856 3526.075718240
11479 3604.365740544 80.348723664 3524.017016880
11480 3605.305481696 80.070158688 3525.235323008
11489 3605.430969680 80.618334368 3524.812635312
11490 3605.434252640 80.342599360 3525.091653280
11491 3605.434973424 80.150089408 3525.284884016
11492 3604.382191248 80.092378928 3524.289812320
11504 3604.389806224 80.127529264 3524.262276960
