201104  1096655.871  626.476992 28.275434
201105  1970887.475 1132.225780 37.970446
201106  1954002.640 1119.247208 37.669975
201107  1895593.790 1148.744401 38.299893
201108  1584750.698  911.185868 34.700891
201109  1872253.370 1116.591176 37.871033
201110  2337116.505 1415.838999 41.435840
201111  2005955.917 1176.438989 38.373620
201112  2167490.075 1279.610159 40.105954
201201  2261372.091 1290.624621 40.023551
201202  2111521.687 1248.697009 39.652288
201203  2193065.569 1226.954682 39.230908
201204  2096550.697 1274.919449 39.268311
201205  2108728.004 1204.369633 38.482290
201206  1687377.028 1036.254294 35.822646
201207  2164789.195 1342.845219 40.325206
201208  1527994.088  911.870054 33.316719
201209  2075319.799 1306.007032 40.362523
201210  2065648.531 1249.288675 39.413781
201211  1966538.322 1139.375825 37.906862
201212  2081848.530 1195.103160 39.071836
201301  1068042.132  592.977448 27.480913
