201104 1.07217e+06 0.977672
201105 1.92677e+06 0.977613
201106 1.91007e+06 0.977516
201107 1.85281e+06 0.977428
201108 1.54552e+06 0.977464
201109 1.83025e+06 0.977566
201110 2.28498e+06 0.977691
201111 1.96133e+06 0.977756
201112 2.11241e+06 0.977839
201201 2.21147e+06 0.977933
201202 2.06467e+06 0.977813
201203 2.14431e+06 0.977766
201204 2.04921e+06 0.977419
201205 2.05769e+06 0.977467
201206 1.64922e+06 0.977388
201207 2.11579e+06 0.977366
201208 1.49346e+06 0.977401
201209 2.02854e+06 0.977459
201210 2.01931e+06 0.977565
201211 1.9225e+06 0.977604
201212 2.03566e+06 0.977813
201301 1.04772e+06 0.977671
201302 1.64824e+06 0.977632
201303 2.09394e+06 0.977751
201304 2.14785e+06 0.977696
201305 2.06529e+06 0.977596
201306 1.37915e+06 0.977511
