11000
11001
11008
11009
11010
11011
11012
11013
11014
11015
11016
11017
11018
11019
11152
11153
11154
11155
11164
11165
11166
11167
11168
11169
11171
11181
11182
11183
11192
11193
11210
11219
11220
11221
11222
11231
11232
11233
11234
11243
11244
11246
11255
11256
11477
11478
11479
11480
11489
11490
11491
11492
11504
11505
11506
11507
11516
11518
11519
11520
11521
11545
11546
11547
11548
11549
11558
11559
11560
11561
11570
11571
11572
11574
11583
11584
11585
11586
11587
11596
11597
11598
11599
11608
11609
11610
11611
11634
11635
11636
11637
11639
11648
11649
11650
11651
11652
11661
11662
11663
11664
11673
11674
11675
11676
11700
11701
11702
11703
11704
11713
11714
11715
11716
11725
11726
11727
11728
11729
11739
11740
11741
11742
11751
11752
11753
11754
11775
11776
11777
11778
11787
11788
11789
11790
11799
11800
11801
11802
11814
11815
11816
11817
11826
11827
11828
11829
11830
12046
12047
12048
12057
12058
12059
12060
12069
12070
12071
12072
12073
12074
12083
12084
12085
12086
12107
12108
12109
12110
12119
12121
12122
12131
12132
12133
12134
12143
12144
12145
12146
12155
12156
12157
12158
12179
12180
12181
12182
12191
12192
12193
12194
12203
12204
12205
12206
12215
12216
12217
12218
12227
12228
12229
12230
12239
12240
12241
12242
12263
12264
12265
12266
12275
12276
12277
12278
12287
12288
12289
12290
12299
12300
12302
12303
12304
12313
12314
12315
12316
12325
12326
12327
12328
12349
12350
12351
12352
12361
12362
12363
12364
12373
12375
12376
12377
12387
12388
12389
12398
12399
12400
12402
12423
12424
12425
12426
12435
12436
12437
12438
12447
12448
12449
12450
12459
12460
12461
12462
12471
12472
12690
12691
12692
12693
12702
12703
12704
12705
12714
12715
12716
12717
12726
12727
12728
12729
13119
13121
13122
13143
13144
13145
13146
13155
13156
13157
13158
13167
13168
13169
13170
13179
13180
13181
13182
13191
13192
13193
13194
13203
13204
13205
13206
13207
13228
13229
13230
13240
13241
13242
13243
13244
13253
13254
13255
13256
13265
13266
13267
13268
13289
13290
13291
13292
13301
13302
13303
13304
13313
13314
13315
13316
13326
13327
13328
13329
13338
13339
13340
13341
13362
13363
13364
13365
13374
13375
13376
13378
13379
13388
13389
13390
13391
13392
13402
13403
13404
13413
13414
13415
13416
13425
13426
13427
13428
13449
13450
13451
13452
13461
13462
13463
13464
13473
13474
13475
13476
13485
13486
13487
13488
13497
13498
13499
13501
13527
13528
13531
13534
13535
13537
13538
13547
13548
13549
13550
13559
13560
13561
13562
13571
13572
13573
13574
13598
13599
13600
13601
13610
13611
13612
13613
13622
13623
13624
13625
13635
13636
13637
13638
13647
13648
13649
13650
13659
13660
13661
13662
13686
13689
13690
13691
13700
13701
13702
13703
13712
13713
13714
13715
13724
13725
13726
13727
13926
13927
13928
13929
13930
13939
13941
13953
13954
13955
13956
13966
13967
13968
13969
13979
13980
13981
13982
13983
14004
14005
14006
14007
14015
14016
14017
14018
14027
14028
14029
14039
14040
14043
14044
14053
14054
14055
14056
14057
14066
14067
14069
14082
14083
14084
14085
14094
14095
14096
14097
14106
14107
14108
14118
14119
14120
14121
14142
14143
14144
14145
14154
14155
14156
14157
14158
14159
14161
14170
14171
14172
14173
14174
14175
14184
14185
14186
14187
14188
14197
14198
14199
14200
14201
14202
14223
14224
14225
14226
14235
14236
14237
14238
14252
14253
14254
14255
14264
14265
14266
14267
14268
14277
14278
14279
14280
14281
14282
14303
14304
14305
14306
14307
14316
14317
14318
14319
14320
14321
14331
14332
14333
14342
14343
14344
14345
14354
14355
14356
14357
14366
14367
14368
14369
14370
14391
14392
14393
14394
14395
14404
14405
14406
14407
14415
14417
14418
14427
14428
14429
14430
14439
14440
14782
14792
14793
14794
14803
14804
14805
14806
14815
14816
14817
14818
14819
14820
14821
14842
14843
14844
14845
14855
14856
14857
14859
14869
14870
14871
14872
14873
14882
14883
14884
14885
14895
14896
14898
14899
14900
14901
14922
14923
14924
14925
14935
14936
14937
14938
14939
14948
14949
14950
14951
14960
14961
14962
14963
14972
14973
14974
14975
14984
14985
14999
15000
15001
15002
15011
15012
15013
15014
15023
15024
15025
15026
15035
15036
15037
15038
15048
15049
15051
15052
15066
15067
15068
15069
15070
15079
15081
15082
15091
15092
15093
15094
15103
15104
15105
15106
15115
15116
15117
15317
15318
15319
15320
15329
15330
15331
15332
15341
15342
15343
15344
15353
15354
15355
15356
15357
15379
15380
15381
15382
15391
15392
15393
15394
15395
15404
15405
15406
15407
15408
15409
15418
15419
15420
15421
15430
15431
15432
15433
15434
15443
15444
15445
15446
15455
15457
15471
15472
15473
15482
15483
15484
15485
15494
15495
15496
15497
15506
15507
15508
15509
15519
15520
15522
15523
15533
15546
15547
15548
15557
15558
15559
15560
15569
15570
15571
15572
15581
15582
15583
15584
15605
15606
15607
15608
15617
15618
15619
15620
15629
15630
15631
15632
15641
15642
15643
15644
15653
15654
15655
15656
15665
15666
15667
15668
15669
15670
15691
15692
15693
15694
15703
15704
15705
15706
15715
15716
15717
15718
15719
15720
15729
15730
15731
15733
15742
15744
15745
15746
15767
15768
15770
15779
15780
15781
15782
15791
15792
15793
15794
15803
15804
15805
15806
15815
15816
15819
15820
15924
15925
15926
15936
15937
15938
15939
15948
15949
15950
15951
15960
15961
15962
15963
16072
16074
16075
16084
16085
16086
16087
16096
16097
16098
16099
16108
16109
16111
16112
16121
16122
16123
16124
16133
16136
16137
16138
16159
16161
16162
16163
16164
16173
16174
16176
16185
16194
16195
16196
16197
16206
16207
16208
16209
16223
16224
16225
16226
16236
16237
16238
16239
16248
16249
16250
16251
16260
16261
16262
16263
16264
16276
16277
16279
16300
16301
16303
16304
16313
16314
16316
16325
16326
16327
16328
16337
16338
16339
16340
16349
16350
16351
16352
16374
16375
16376
16377
16387
16388
16389
16390
16391
16400
16402
16403
16412
16413
16414
16415
16416
16425
16426
16427
16428
16450
16451
16452
16453
16454
16463
16464
16465
16466
16467
16468
16477
16478
16479
16480
16490
16491
16492
16595
16596
16597
16598
16607
16608
16609
16610
16611
16620
16621
16622
16623
16632
16633
16634
16635
16752
16753
16754
16755
16764
16765
16766
16767
16776
16777
16778
16779
16788
16789
16790
16791
16800
16801
16802
16803
16804
16815
16816
16817
16818
16840
16841
16842
16843
16852
16854
16855
16864
16865
16867
16876
16878
16879
16880
16882
16884
16893
16894
16895
16896
16905
16918
16919
16920
16921
16931
16933
16934
16935
16944
16945
16946
16947
16956
16957
16958
16959
16968
16969
16970
16971
16992
16993
16994
16995
17004
17005
17006
17008
17017
17018
17019
17020
17029
17030
17031
17032
17033
17054
17055
17056
17057
17066
17067
17068
17069
17078
17079
17080
17081
17090
17091
17092
17093
17102
17103
17105
17114
17115
17116
17117
17138
17139
17140
17141
17159
17161
17162
17171
17172
17173
17174
17183
17184
17185
17186
17195
17196
17197
17198
17207
17208
17209
17210
17219
17221
17222
17231
17232
17234
17243
17244
17245
17246
17255
17256
17257
17258
17267
17268
17269
17270
17280
17281
17284
17293
17294
17295
17296
17305
17306
17307
17308
17317
17319
17328
17329
17330
17331
17332
17353
17354
17355
17356
17365
17366
17367
17368
17377
17378
17379
17380
17389
17391
17392
17393
17394
17403
17404
17405
17406
17427
17428
17429
17430
17439
17440
17441
17442
17451
17452
17453
17454
17463
17464
17467
17476
17477
17478
17479
17500
17501
17502
17503
17512
17513
17514
17515
17524
17525
17526
17527
17536
17538
17539
17540
17549
17550
17551
17552
17573
17576
17577
17578
17587
17588
17589
17590
17599
17600
17601
17602
17611
17612
17613
17614
17615
17624
17625
17626
17627
17637
17650
17651
17652
17653
17662
17663
17664
17665
17674
17675
17676
17677
17686
17687
17688
17689
17690
17718
17719
17720
17721
17812
17813
17814
17815
17825
17826
17827
17829
17838
17839
17840
17841
17850
17851
17852
17853
17971
17985
17994
17995
17996
17997
18006
18007
18008
18009
18018
18019
18020
18021
18051
18053
18054
18056
18065
18066
18067
18068
18077
18078
18195
18196
18197
18198
18207
18208
18209
18210
18219
18220
18221
18222
18231
18232
18233
18235
18338
18339
18340
18341
18342
18351
18352
18353
18354
18355
18364
18365
18366
18367
18376
18377
18378
18379
18388
18389
18390
18391
18412
18413
18414
18415
18424
18425
18426
18427
18428
18437
18438
18439
18440
18441
18450
18451
18452
18453
18462
18463
18464
18465
18486
18487
18488
18490
18499
18500
18501
18502
18511
18512
18513
18514
18523
18524
18525
18526
18535
18536
18537
18538
18559
18560
18561
18562
18571
18572
18573
18574
18575
18584
18585
18586
18588
18597
18598
18599
18600
18609
18610
18611
18612
18728
18729
18730
18739
18740
18741
18742
18751
18752
18753
18754
18763
18764
18765
18766
18787
18788
18789
18790
18799
18801
18802
18811
18812
18813
18814
18815
18824
18825
18826
18827
18836
18837
18838
18839
18840
18841
18842
18863
18864
18865
18866
18875
18876
18877
18878
18879
18888
18889
18890
18891
18900
18901
18902
18904
18913
18914
18915
18916
18925
18928
18949
18950
18951
18952
18961
18962
18963
18964
18973
18974
18975
18976
18985
18986
18987
18988
18997
18998
18999
19000
19244
19245
19246
19247
19256
19257
19258
19259
19268
19269
19270
19271
19280
19281
19282
19293
19295
19296
19413
19414
19415
19416
19425
19426
19427
19428
19437
19439
19440
19441
19450
19451
19452
19453
19474
19475
19476
19477
19486
19487
19488
19489
19498
19499
19500
19501
19510
19512
19513
19522
19523
19524
19525
19534
19535
19536
19537
19558
19559
19560
19561
19570
19571
19572
19573
19582
19583
19584
19585
19594
19595
19596
19597
19606
19607
19608
19609
19704
19705
19706
19707
19716
19717
19718
19719
19728
19729
19730
19731
19740
19741
19742
19743
19752
19753
19755
19756
19777
19778
19779
19780
19789
19790
19791
19792
19801
19802
19803
19804
19813
19814
19815
19817
19826
19827
19828
19829
19851
19852
19855
19864
19865
19867
19869
19878
19879
19880
19881
19890
19891
19892
19893
19894
19903
19904
19905
19906
20010
20011
20012
20013
20023
20024
20025
20026
20027
20028
20037
20038
20039
20040
20041
20050
20051
20052
20053
20170
20171
20172
20173
20182
20183
20184
20185
20194
20195
20196
20197
20206
20207
20208
20209
20218
20219
20220
20221
20242
20244
20254
20255
20256
20257
20267
20268
20269
20278
20279
20281
20282
20292
20293
20294
20295
20316
20317
20318
20327
20328
20329
20330
20339
20340
20341
20342
20343
20352
20353
20354
20355
20364
20365
20366
20367
20390
20391
20392
20402
20403
20404
20405
20414
20415
20416
20417
20426
20427
20428
20438
20439
20440
20442
20463
20464
20466
20475
20476
20477
20478
20487
20488
20489
20490
20499
20500
20501
20502
20511
20512
20513
20514
20523
20524
20525
20526
20527
20548
20549
20550
20560
20561
20562
20563
20572
20573
20574
20575
20584
20586
20587
20588
20597
20598
20599
20600
20621
20622
20623
20624
20633
20634
20635
20636
20645
20646
20647
20648
20649
20658
20659
20660
20661
20670
20671
20672
20673
20694
20695
20696
20697
20706
20708
20709
20710
20719
20720
20721
20722
20723
20732
20733
20734
20735
20744
20745
20746
20747
20768
20769
20770
20771
20780
20781
20782
20783
20792
20793
20794
20795
20804
20805
20806
20807
20816
20817
20818
20819
20828
20832
20891
20892
20893
20894
20903
20904
20906
20909
20910
20911
20912
20933
20934
20935
20936
20945
20946
20947
20948
20957
20958
20959
20960
20969
20970
20972
20973
20982
20983
20984
20985
20994
20995
20996
20997
20998
20999
21000
21001
21055
21056
21058
21079
21080
21134
21135
21136
21137
21138
21147
21149
21150
21151
21160
21161
21162
21163
21164
21255
21256
21257
21258
21267
21268
21269
21270
21279
21280
21281
21282
21291
21292
21293
21294
21303
21304
21305
21306
21307
21316
21317
21318
21319
21328
21329
21330
21331
21335
21336
21337
21338
21347
21348
21349
21350
21359
21360
21361
21362
21363
21364
21483
21484
21486
21487
21496
21497
21498
21499
21508
21509
21510
21511
21520
21521
21522
21523
21532
21533
21534
21535
21569
21570
21571
21572
21581
21582
21583
21584
21593
21594
21595
21596
21605
21606
21607
21608
21629
21630
21631
21632
22015
22016
22017
22018
22027
22028
22029
22030
22039
22040
22041
22042
22043
22052
22068
22069
22079
22082
22083
22084
22085
22094
22095
22096
22097
22106
22107
22108
22109
22118
22119
22120
22121
22131
22132
22134
22142
22143
22144
22145
22146
22155
22156
22157
22159
22168
22169
22170
22171
22180
22181
22182
22183
22287
22288
22289
22298
22299
22301
22302
22303
22312
22313
22314
22315
22324
22325
22326
22327
22449
22451
22452
22453
22462
22463
22464
22466
22467
22476
22477
22478
22479
22488
22489
22490
22491
22515
22516
22517
22518
22527
22528
22537
22538
22539
22549
22550
22551
22552
22561
22562
22563
22564
22585
22586
22587
22588
22597
22598
22609
22610
22611
22620
22621
22622
22623
22632
22633
22634
22635
22644
22645
22646
22648
22703
22704
22705
22706
22715
22716
22717
22718
22727
22728
22729
22730
22739
22740
22741
22783
22784
22785
22795
22796
22797
22798
22807
22808
22809
22810
22849
22850
22851
22852
22861
22862
22863
22864
22873
22874
22875
22876
22885
22886
22887
22888
22990
22991
22992
23002
23003
23004
23014
23016
23017
23026
23027
23029
23030
23039
23040
23041
23042
23160
23161
23162
23163
23164
23173
23174
23175
23176
23185
23186
23187
23188
23198
23199
23200
23209
23210
23211
23212
23221
23222
23223
23224
23233
23234
23236
23245
23246
23247
23248
23257
23259
23260
23269
23270
23271
23272
23281
23282
23283
23284
23293
23294
23295
23296
23306
23307
23308
23317
23318
23319
23321
23330
23331
23332
23333
23336
23337
23338
23347
23348
23349
23350
23360
23361
23362
23363
23372
23373
23374
23375
23376
23385
23386
23387
23388
23389
23398
23399
23400
23401
23410
23412
23413
23434
23435
23436
23437
23438
23447
23448
23449
23450
23460
23461
23462
23463
23472
23473
23518
23519
23520
23521
23522
23523
23524
23525
23535
23536
23537
23538
23540
23541
23543
23544
23545
23546
23555
23556
23558
23559
23560
23561
23562
23563
23564
23565
23566
23575
23576
23577
23578
23579
23580
23581
23582
23583
23584
23585
23586
23595
23596
23597
23599
23600
23601
23602
23603
23885
23886
23887
23896
23946
23947
23951
23952
23953
23955
23956
23995
23997
23998
24318
24319
24320
24321
24322
24323
24324
24325
24345
24346
24347
24348
24353
24354
24355
24356
24357
24359
24360
24369
24370
24371
24372
24374
24376
24377
24378
24380
24393
24394
24395
24396
24397
24416
24417
24419
24420
24421
24422
24423
24424
24425
24426
24427
24440
24441
24442
24473
24474
24475
24476
24477
24478
24479
24480
24482
24483
24484
24485
24494
24547
24548
24549
24550
24551
24552
24553
24554
24555
24556
24557
24558
24567
24568
24569
24574
24575
24578
24579
24581
24586
24587
24596
24597
24598
24599
24600
24601
24602
24603
24604
24605
24606
24607
24702
24703
24704
24705
24706
24708
24709
24710
24711
24712
24713
24722
24723
24724
24725
24727
24728
24729
24730
24731
24732
24833
24834
24835
24848
24849
24850
24851
24852
24853
24854
24855
24856
24857
24858
24859
24868
24869
24870
24871
24890
24891
24892
24893
24894
24895
24900
24901
24902
24903
24904
24905
24906
24916
24917
24918
24919
24920
24921
24922
24923
24928
24933
24934
24935
24936
24937
24938
24943
24944
24945
24946
24947
24948
24950
24951
24952
24953
24954
24955
24956
24957
24958
24963
24964
24965
24966
24967
24968
24969
24974
24975
24976
24977
24987
24988
24989
24991
24992
24993
24994
24995
24996
24997
25002
25003
25005
25014
25015
25016
25017
25018
25023
25025
25028
25029
25030
25031
25032
25033
25042
25043
25044
25045
25046
25047
25048
25090
25091
25092
25094
25095
25096
25097
25098
25099
25100
25101
25102
25111
25112
25199
25201
25202
25203
25208
25209
25210
25212
25213
25223
25224
25225
25226
25227
25228
25229
25230
25231
25332
25333
25334
25347
25348
25349
25350
25351
25352
25353
25354
25355
25356
25357
25358
25359
25368
25369
25370
25371
25376
25378
25379
25380
25381
25382
25383
25384
25397
25398
25399
25400
25401
25402
25403
25404
25405
25406
25407
25408
25418
25419
25441
25444
25445
25446
25452
25461
25462
25463
25464
25465
25466
25467
25468
25469
25470
25471
25472
25486
25487
25488
25489
25490
25491
25492
25497
25498
25499
25500
25501
25510
25511
25512
25513
25514
25515
25516
25518
25519
25520
25525
25526
25535
25536
25537
25538
25551
25552
25553
25554
25555
25556
25557
25558
25567
25568
25569
25570
25571
25572
25574
25593
25594
25595
25596
25605
25606
25607
25608
25609
25610
25611
25612
25613
25614
25615
25616
25625
25626
25627
25628
25715
25716
25717
25718
25723
25724
25725
25726
25735
25736
25737
25738
25740
25741
25742
25744
25745
25746
25791
25792
25801
25802
25877
25878
25879
25880
25881
25882
25883
25884
25885
25886
25895
25896
25897
25898
25900
25919
25920
25921
25922
25923
25924
25925
25926
25939
25948
25950
25951
25952
25953
25954
25955
25956
25957
25958
25959
25968
26095
26096
26101
26102
26103
26104
26105
26110
26111
26112
26113
26114
26115
26124
26125
26126
26127
26128
26129
26130
26131
26155
26156
26157
26170
26171
26172
26173
26174
26175
26176
26179
26180
26181
26191
26192
26193
26280
26281
26283
26285
26286
26291
26292
26301
26302
26303
26304
26305
26306
26307
26308
26309
26310
26311
26312
26421
26422
26423
26424
26425
26431
26432
26433
26434
26436
26437
26438
26447
26448
26449
26450
26451
26452
26453
26472
26473
26474
26475
26476
26485
26490
26491
26492
26493
26494
26495
26496
26497
26498
26499
26500
26915
26916
26917
26922
26923
26924
26925
26926
26927
26928
26929
26930
26931
26944
26945
26946
26947
26948
26949
26950
26951
26952
26954
26955
26964
26970
26971
27064
27065
27066
27067
27068
27069
27070
27071
27080
27081
27082
27083
27084
27085
27086
27105
27106
27107
27108
27109
27110
27123
27124
27125
27126
27127
27128
27129
27130
27131
27132
27133
27134
27135
27144
27145
27152
27153
27154
27155
27156
27157
27158
27159
27165
27174
27175
27176
27177
27178
27179
27180
27181
27182
27183
27184
27185
27194
27199
27200
27201
27202
27203
27204
27205
27210
27211
27212
27213
27223
27224
27225
27226
27227
27228
27229
27230
27231
27232
27233
27242
27251
27252
27253
27254
27255
27267
27268
27269
27270
27271
27272
27273
27282
27283
27284
27285
27286
27287
27288
27289
27290
27295
27297
27298
27307
27308
27313
27315
27316
27317
27318
27319
27320
27321
27322
27323
27332
27333
27334
27335
27336
27337
27338
27343
27344
27345
27346
27347
27348
27361
27362
27363
27364
27365
27367
27368
27369
27370
27371
27372
27373
27382
27383
27384
27389
27390
27391
27393
27394
27395
27396
27401
27410
27411
27412
27413
27414
27415
27416
27417
27418
27420
27421
27430
27431
27450
27451
27452
27453
27454
27455
27460
27461
27462
27463
27472
27473
27475
27476
27477
27478
27480
27481
27482
27483
27484
27485
27494
27495
27496
27497
27498
27499
27500
27501
27502
27504
27505
27515
27516
27517
27518
27519
27520
27521
27522
27523
27524
27525
27534
27535
27536
27537
27538
27539
27540
27541
27543
27544
27545
27554
27555
27556
27557
27558
27559
27560
27561
27562
27581
27582
27583
27592
27593
27598
27599
27600
27601
27602
27603
27604
27605
27606
27607
27616
27617
27618
27619
27620
27621
27626
27627
27628
27629
27630
27631
27644
27645
27646
27647
27648
27649
27650
27651
27652
27653
27654
27655
27656
27665
27666
27667
27668
27673
27674
27675
27676
27677
27678
27683
27684
27685
27695
27696
27698
27699
27700
27701
27702
27703
27704
27705
27706
27719
27720
27721
27722
27723
27724
27725
27726
27731
27733
27734
27744
27745
27746
27747
27748
27749
27750
27751
27752
27753
27754
27773
27782
27783
27784
27785
27790
27791
27792
27793
27794
27795
27796
27797
27806
27807
27808
27809
27810
27811
27812
27813
27814
27815
27816
27817
27826
27909
27910
27911
27912
27913
27914
27915
27916
27917
27918
27919
27928
27929
27930
27931
28029
28030
28031
28032
28033
28034
28035
28036
28045
28046
28047
28048
28049
28050
28051
28052
28053
28054
28055
28056
28084
28085
28086
28087
28088
28089
28090
28091
28092
28093
28094
28095
28096
28105
28106
28107
28108
28109
28110
28111
28112
28113
28114
28115
28116
28117
28120
28121
28122
28123
28124
28125
28126
28127
28128
28129
28130
28131
28141
28142
28143
28144
28145
28146
28147
28148
28149
28150
28151
28152
28153
28162
28163
28164
28165
28166
28167
28168
28169
28170
28171
28172
28173
28174
28183
28184
28185
28186
28187
28188
28189
28190
28191
28192
28193
28194
28203
28205
28206
28207
28208
28209
28210
28211
28212
28213
28214
28215
28216
28225
28244
28245
28246
28247
28248
28249
28250
28251
28252
28253
28254
28255
28264
28265
28266
28267
28268
28270
28271
28272
28273
28274
28275
28276
28367
28368
28369
28370
28371
28372
28373
28374
28375
28377
28378
28379
28380
28389
28390
28391
28392
28393
28492
28493
28494
28495
28496
28497
28498
28499
28510
28511
28512
28513
28514
28515
28516
28517
28518
28519
28520
28521
28530
28549
28550
28551
28553
28554
28555
28556
28557
28558
28559
28560
28569
28570
28571
28572
28573
28574
28575
28576
28577
28578
28579
28580
28581
28590
28591
28592
28593
28594
28595
28596
28597
28598
28599
28600
28601
28610
28611
28612
28613
28614
28615
28616
28617
28618
28619
28620
28621
28631
28632
28633
28634
28635
28636
28637
28638
28639
28640
28641
28642
28643
28652
28653
28654
28655
28656
28657
28658
28659
28660
28661
28662
28663
28672
28673
28674
28675
28676
28677
28678
28679
28680
28681
28682
28683
28692
28693
28694
28695
28696
28697
28698
28699
28700
28701
28702
28703
28731
28732
28733
28734
28735
28736
28737
28738
28740
28741
28742
28751
28752
28753
28754
28755
28756
28757
28758
28760
28761
28762
28763
28764
28773
28774
28775
28776
28777
28778
28779
28780
28781
28782
28783
28784
28786
28795
28796
28797
28798
28799
28800
28801
28802
28803
28805
28806
28808
28817
28818
28819
28820
28821
28822
28823
28824
28825
28826
28827
28828
28829
28830
28857
28858
28859
28860
28861
28862
28863
28864
28865
28866
28867
28868
28877
28878
28879
28880
28881
28882
28883
28884
28885
28886
28887
28888
28898
28899
28900
28903
28904
28905
28906
28907
28908
28909
28910
28919
28920
28921
28922
28923
28924
28926
28927
28928
28929
28930
28931
28940
28941
28942
28943
28944
28945
28946
28947
28948
28949
28950
28951
28952
28961
28963
28964
28965
28966
28967
28968
28969
28970
28971
28973
28974
28983
28984
28985
28986
28987
28989
28990
28991
28992
28993
28994
29021
29022
29023
29024
29025
29026
29027
29028
29029
29030
29031
29032
29033
29034
29044
29046
29047
29048
29049
29050
29135
29136
29137
29139
29140
29149
29150
29151
29152
29153
29154
29155
29156
29157
29158
29160
29161
29170
29171
29172
29269
29270
29271
29272
29273
29274
29275
29276
29286
29287
29288
29289
29290
29291
29292
29293
29294
29295
29296
29297
29298
29327
29328
29329
29330
29332
29333
29334
29335
29336
29337
29338
29339
29349
29350
29351
29352
29353
29354
29355
29356
29357
29358
29359
29360
29369
29370
29371
29372
29373
29374
29375
29376
29377
29378
29379
29380
29389
29390
29391
29392
29393
29394
29395
29396
29397
29398
29399
29409
29410
29411
29412
29413
29414
29415
29416
29417
29418
29419
29420
29429
29430
29431
29432
29433
29434
29435
29436
29437
29438
29440
29449
29450
29451
29453
29454
29455
29456
29457
29458
29459
29460
29469
29488
29489
29490
29491
29492
29493
29495
29496
29497
29498
29499
29500
29509
29510
29511
29512
29513
29514
29515
29516
29517
29518
29601
29602
29603
29615
29617
29618
29619
29620
29622
29623
29624
29625
29626
29645
29646
29647
29648
29747
29748
29749
29750
29751
29752
29753
29754
29768
29769
29771
29772
29773
29774
29775
29776
29777
29778
29798
29800
29809
29810
29811
29812
29813
29814
29815
29816
29817
29818
29819
29828
29835
29836
29838
29839
29840
29841
29850
29851
29852
29853
29854
29855
29856
29857
29858
29859
29860
29861
29862
29863
29872
29873
29875
29876
29877
29878
29879
29880
29881
29882
29883
29892
29893
29894
29895
29896
29897
29898
29899
29900
29902
29903
29912
29913
29914
29915
29917
29980
30037
30038
30039
30040
30042
30043
30044
30045
30046
30047
30048
30057
30058
30059
30060
30061
30062
30063
30064
30066
30067
30068
30069
30162
30163
30164
30165
30166
30167
30168
30169
30170
30171
30173
30182
30183
30184
30303
30304
30305
30306
30307
30308
30309
30310
30311
30320
30321
30322
30323
30324
30325
30326
30327
30328
30329
30330
30332
30333
30342
30343
30345
30346
30347
30348
30349
30350
30351
30352
30353
30354
30363
30364
30365
30366
30367
30368
30369
30370
30371
30372
30373
30374
30383
30384
30385
30386
30387
30388
30389
30390
30391
30392
30393
30394
30403
30404
30405
30406
30407
30408
30645
30646
30647
30648
30649
30650
30651
30652
30653
30654
30655
30656
30683
30685
30686
30687
30688
30689
30690
30691
30692
30693
30694
30695
30704
30705
30706
30707
30708
30709
30710
30711
30712
30713
30714
30715
30716
30725
30726
30727
30728
30729
30730
30731
30732
30733
30734
30735
30736
30745
30746
30747
30748
30749
30750
30751
30752
30753
30754
30755
30756
30765
30766
30767
30768
30769
30770
30771
30772
30773
30774
30775
30776
30786
30787
30788
30789
30790
30810
30811
30812
30813
30814
30815
30824
30825
30826
30827
30828
30829
30830
30831
30832
30833
30834
30844
30845
30846
30847
30849
30850
30851
30852
30853
30854
30855
30856
30865
30866
30867
30868
30869
30870
30871
30872
30873
30875
30876
30885
30886
30887
30888
30889
30890
30891
30892
30893
30894
30895
30904
30905
30906
30907
30908
30909
30910
30911
30912
30913
30914
30915
30916
30925
30926
30928
30929
30930
30931
30933
30934
30935
30936
30945
30946
30947
30948
30949
30950
30951
30952
30953
30954
30955
30956
30957
30958
30967
30986
30987
30988
30989
30990
30991
30992
30993
30994
30995
30996
31005
31006
31007
31008
31009
31010
31011
31012
31013
31014
31015
31016
31017
31109
31110
31111
31112
31113
31114
31115
31116
31117
31118
31119
31120
31129
31130
31131
31132
31133
31134
31135
31136
31233
31234
31235
31236
31245
31246
31247
31248
31249
31250
31251
31252
31253
31255
31256
31257
31267
31268
31269
31270
31271
31272
31291
31292
31293
31294
31295
31304
31305
31306
31307
31308
31309
31310
31311
31312
31313
31314
31315
31316
31325
31326
31327
31328
31329
31330
31331
31332
31333
31334
31335
31336
31345
31346
31347
31349
31350
31351
31352
31353
31354
31355
31356
31357
31366
31373
31374
31375
31376
31377
31378
31379
31380
31390
31391
31392
31393
31394
31395
31396
31397
31398
31399
31405
31415
31416
31417
31418
31419
31420
31421
31423
31424
31425
31426
31435
31437
31438
31439
31441
31442
31443
31445
31446
31447
31448
31475
31476
31477
31478
31481
31482
31483
31484
31486
31487
31497
31498
31499
31500
31501
31502
31503
31586
31587
31588
31590
31591
31600
31601
31602
31603
31604
31605
31606
31607
31608
31609
31610
31611
31620
31621
31622
31623
31720
31721
31722
31723
31724
31725
31726
31737
31738
31739
31740
31741
31742
31743
31744
31745
31746
31747
31748
31776
31777
31778
31779
31780
31781
31782
31783
31784
31785
31786
31787
31788
31789
31798
31799
31800
31801
31802
31803
31805
31806
31808
31809
31810
31811
31820
31821
31822
31823
31824
31825
31826
31827
31828
31829
31830
31831
31832
31833
31842
31843
31844
31845
31846
31847
31848
31849
31850
31851
31852
31853
31862
31863
31864
31865
31866
31868
31869
31870
31872
31873
31882
31883
31884
31885
31886
31887
31888
31889
31890
31891
31892
31893
31902
31903
31904
31905
31906
31907
31908
31909
31910
31911
31912
31913
31914
31923
31947
31948
31949
31950
31951
31952
31953
31954
31955
31956
31965
31966
31967
31968
31969
31970
31971
31973
31975
31976
31977
31978
31979
32070
32071
32072
32073
32074
32075
32077
32078
32079
32080
32082
32091
32092
32093
32094
32095
32096
32097
32098
32099
32100
32101
32102
32103
32113
32114
32115
32116
32117
32118
32119
32120
32121
32133
32134
32135
32154
32155
32156
32157
32158
32163
32164
32165
32166
32167
32168
32169
32170
32171
32173
32174
32175
32176
32177
32408
32409
32410
32411
32412
32421
32422
32423
32424
32425
32426
32427
32428
32429
32430
32432
32433
32442
32443
32444
32445
32446
32447
32448
32449
32450
32451
32452
32453
32454
32463
32464
32465
32466
32467
32468
32469
32470
32471
32472
32473
32474
32475
32484
32485
32486
32487
32488
32489
32490
32491
32492
32493
32496
32497
32524
32525
32526
32527
32529
32530
32531
32533
32534
32535
32536
32537
32538
32547
32548
32549
32550
32551
32552
32553
32554
32637
32638
32639
32640
32649
32650
32651
32652
32653
32654
32655
32656
32657
32658
32659
32660
32669
32670
32671
32672
32673
32770
32771
32772
32773
32774
32775
32777
32786
32787
32788
32789
32790
32791
32792
32793
32794
32795
32796
32797
32806
32825
32827
32828
32829
32830
32832
32833
32834
32836
32837
32846
32847
32848
32849
32850
32851
32852
32853
32854
32855
32856
32857
32866
32867
32868
32869
32870
32871
32872
32873
32874
32875
32876
32877
32878
32887
32888
32889
32890
32892
32893
32894
32895
32896
32909
32910
32911
32920
32921
32922
32923
32924
32925
32926
32927
32928
32929
32930
32931
33173
33174
33175
33176
33177
33178
33179
33180
33181
33182
33183
33184
33193
33212
33213
33214
33215
33216
33217
33218
33220
33221
33222
33223
33232
33233
33234
33235
33236
33237
33238
33239
33240
33241
33242
33243
33244
33337
33338
33339
33341
33342
33343
33344
33345
33346
33347
33348
33349
33358
33359
33360
33361
33362
33363
33364
33365
33366
33367
33368
33465
33466
33467
33476
33477
33478
33479
33480
33481
33482
33483
33485
33486
33487
33488
33489
33498
33499
33500
33521
33522
33523
33524
33525
33526
33527
33528
33529
33530
33539
33541
33542
33543
33544
33545
33546
33547
33548
33550
33551
33560
33561
33562
33563
33564
33565
33566
33567
33568
33569
33570
33571
33580
33581
33582
33583
33584
33585
33586
33587
33640
33641
33642
33643
33653
33654
33655
33656
33657
33658
33659
33660
33661
33662
33663
33664
33673
33674
33676
33677
33678
33679
33680
33681
33682
33683
33684
33685
33686
33695
33696
33697
33698
33699
33700
33701
33702
33703
33704
33705
33706
33715
33716
33717
33736
33737
33738
33739
33740
33742
33743
33744
33753
33754
33755
33756
33757
33758
33759
33760
33761
33762
33845
33846
33855
33856
33857
33858
33859
33860
33861
33862
33863
33864
33865
33866
33875
33876
33877
33878
33879
33880
33881
33978
33979
33980
33981
33982
33983
33992
33993
33994
33995
33996
33997
33998
33999
34000
34001
34002
34003
34012
34013
34014
34015
34016
34035
34036
34037
34038
34039
34040
34041
34050
34051
34052
34053
34054
34055
34056
34057
34058
34059
34060
34061
34070
34071
34072
34073
34074
34075
34076
34077
34078
34079
34080
34081
34083
34093
34094
34095
34096
34097
34098
34099
34100
34101
34102
34103
34104
34105
34114
34115
34116
34117
34119
34120
34121
34122
34123
34125
34134
34135
34136
34137
34138
34139
34140
34141
34142
34143
34144
34145
34154
34155
34156
34157
34158
34159
34160
34161
34162
34163
34164
34165
34174
34175
34177
34178
34197
34198
34199
34200
34201
34202
34203
34212
34213
34214
34215
34216
34217
34218
34219
34220
34221
34222
34223
34232
34233
34316
34317
34318
34319
34320
34321
34322
34323
34324
34325
34334
34335
34336
34337
34338
34339
34340
34341
34342
34343
34344
34345
34451
34452
34453
34454
34455
34456
34457
34458
34459
34460
34461
34462
34472
34473
34474
34475
34476
34477
34496
34497
34498
34499
34500
34509
34510
34511
34512
34513
34514
34515
34517
34518
34519
34520
34529
34530
34531
34532
34533
34534
34535
34536
34537
34538
34539
34540
34542
34595
34596
34605
34606
34607
34610
34611
34612
34613
34614
34615
34616
34625
34626
34627
34628
34629
34630
34631
34632
34633
34634
34635
34636
34645
34646
34647
34648
34649
34650
34651
34652
34653
34654
34655
34656
34665
34666
34667
34668
34669
34670
34672
34673
34674
34675
34676
34685
34686
34687
34688
34689
34690
34691
34692
34693
34694
34695
34696
34705
34724
34725
34727
34728
34729
34730
34731
34732
34733
34734
34743
34744
34745
34746
34747
34748
34749
34750
34751
34752
34753
34754
34845
34846
34847
34848
34849
34850
34851
34852
34853
34854
34855
34856
34865
34866
34867
34868
34869
34870
34871
34872
34969
34970
34971
34972
34981
34982
34983
34984
34985
34986
34987
34988
34989
34990
34991
34992
35001
35002
35003
35004
35005
35008
35061
35062
35063
35064
35065
35066
35067
35068
35077
35078
35079
35080
35081
35082
35083
35084
35085
35086
35087
35088
35090
35099
35100
35101
35102
35103
35104
35105
35107
35108
35109
35110
35119
35120
35121
35122
35123
35124
35125
35126
35127
35128
35129
35130
35139
35140
35141
35142
35143
35144
35145
35146
35147
35148
35149
35150
35151
35161
35162
35163
35164
35165
35166
35167
35168
35169
35172
35175
35176
35185
35186
35187
35188
35189
35190
35192
35193
35195
35196
35197
35198
35207
35208
35209
35210
35211
35212
35213
35232
35233
35234
35235
35245
35246
35247
35250
35251
35252
35253
35254
35255
35256
35257
35266
35267
35268
35269
35271
35273
35274
35275
35276
35277
35278
35279
35369
35370
35371
35372
35373
35374
35375
35376
35377
35378
35379
35380
35390
35487
35488
35489
35490
35491
35492
35493
35495
35496
35497
35506
35507
35509
35511
35512
35513
35514
35515
35516
35535
35536
35537
35538
35548
35549
35550
35551
35552
35553
35554
35555
35556
35558
35559
35568
35569
35570
35571
35572
35573
35574
35575
35576
35577
35578
35579
35580
35589
35590
35591
35592
35593
35594
35596
35597
35598
35599
35600
35609
35610
35611
35612
35613
35614
35615
35616
35617
35618
35619
35620
35621
35630
35631
35632
35633
35634
35635
35636
35637
35638
35639
35640
35641
35650
35651
35652
35653
35654
35655
35656
35657
35658
35659
35660
35661
35662
35672
35673
35674
35675
35676
35677
35678
35679
35680
35681
35682
35703
35712
35713
35714
35715
35716
35717
35718
35719
35720
35722
35723
35724
35725
35726
35735
35736
35737
35738
35740
35741
35824
35825
35826
35827
35828
35829
35838
35840
35841
35842
35843
35844
35845
35846
35847
35848
35849
35850
35851
35860
35861
35862
35959
35960
35961
35962
35963
35964
35965
35966
35967
35976
35977
35978
35979
35980
35981
35982
35983
35985
35986
36005
36006
36015
36016
36017
36018
36019
36020
36021
36022
36023
36024
36025
36026
36035
36036
36037
36038
36039
36040
36041
36042
36043
36047
36048
36101
36110
36111
36112
36113
36114
36115
36116
36117
36118
36119
36120
36121
36122
36124
36133
36134
36135
36136
36137
36138
36139
36140
36141
36142
36143
36144
36145
36146
36155
36156
36157
36158
36159
36160
36161
36162
36163
36164
36165
36400
36412
36413
36414
36415
36416
36417
36418
36419
36420
36421
36505
36506
36507
36508
36509
36510
36511
36512
36513
36514
36515
36516
36610
36611
36612
36613
36614
36615
36616
36617
36618
36619
36620
36629
36630
36631
36632
36633
36634
36635
36636
36637
36734
36735
36736
36737
36746
36747
36748
36749
36750
36752
36753
36754
36755
36756
36757
36768
36769
36770
36771
36774
36793
36794
36795
36796
36797
36798
36799
36800
36809
36810
36811
36812
36813
36814
36815
36816
36817
36818
36819
36820
36821
36830
36839
36840
36841
36842
36843
36844
36845
36846
36847
36848
36849
36850
36851
36852
36853
36862
36863
36864
36865
36866
36867
36868
36869
36870
36871
36872
36882
36883
36884
36885
36886
36887
36888
36889
36890
36891
36892
36893
36894
36895
36904
36905
36906
36907
36908
36909
36910
36911
36912
36913
36914
36915
36924
36925
36926
36927
36928
36929
36930
36931
36932
36933
36934
36935
36944
36945
36946
36947
36948
36949
36951
36953
37008
37009
37010
37011
37012
37013
37014
37015
37016
37017
37026
37027
37028
37029
37030
37031
37032
37115
37116
37117
37118
37119
37120
37121
37130
37131
37132
37133
37134
37135
37136
37137
37138
37139
37140
37141
37150
37151
37152
37249
37250
37251
37252
37253
37254
37255
37256
37257
37258
37259
37268
37269
37270
37271
37272
37273
37274
37275
37276
37278
37279
37280
37282
37283
37341
37342
37344
37345
37346
37347
37348
37349
37350
37351
37352
37353
37362
37363
37364
37365
37366
37367
37368
37369
37370
37371
37372
37373
37374
37375
37384
37385
37386
37387
37388
37389
37390
37392
37393
37394
37395
37396
37397
37398
37407
37409
37410
37411
37412
37414
37415
37416
37417
37418
37419
37420
37439
37440
37441
37442
37443
37444
37445
37446
37447
37448
37449
37450
37451
37452
37461
37462
37463
37464
37465
37466
37467
37468
37469
37470
37471
37472
37481
37482
37483
37484
37485
37486
37506
37507
37508
37509
37510
37511
37522
37523
37524
37525
37526
37527
37528
37529
37530
37531
37532
37533
37534
37543
37544
37627
37628
37629
37631
37632
37633
37634
37635
37636
37637
37638
37648
37649
37650
37651
37652
37653
37654
37655
37656
37753
37754
37755
37764
37765
37766
37767
37768
37769
37770
37771
37772
37773
37774
37775
37784
37785
37786
37787
37788
37789
37808
37809
37811
37812
37813
37814
37815
37824
37825
37826
37827
37828
37829
37831
37832
37833
37834
37835
37836
37846
37847
37848
37849
37850
37851
37852
37853
37854
37855
37856
37865
37866
37867
37868
37869
37870
37871
37872
37873
37874
37875
37876
37877
37886
37887
37888
37890
37891
37892
37893
37894
37895
37896
37897
37898
37908
37909
37910
37911
37912
37913
37914
37915
37916
37917
37918
37919
37921
37930
37931
37932
37933
37934
37935
37936
37937
37938
37939
37940
37941
37942
37943
37952
37953
37954
37955
37956
37957
37958
37977
37978
37979
37980
37981
37990
37991
37992
37993
37994
37995
37996
37997
37998
37999
38000
38001
38002
38011
38012
38013
38014
38099
38100
38101
38102
38103
38104
38105
38106
38107
38108
38109
38118
38119
38120
38121
38122
38123
38124
38125
38126
38127
38224
38225
38234
38235
38236
38237
38238
38239
38240
38241
38242
38243
38244
38245
38254
38255
38256
38257
38258
38259
38260
38261
38262
38263
38264
38265
38266
38275
38276
38277
38278
38279
38280
38281
38282
38283
38284
38285
38286
38295
38296
38297
38298
38317
38318
38319
38320
38321
38322
38323
38324
38325
38326
38327
38328
38337
38338
38339
38340
38341
38343
38344
38345
38346
38347
38348
38349
38350
38359
38360
38361
38362
38363
38364
38365
38367
38368
38369
38370
38379
38380
38381
38383
38384
38385
38386
38387
38388
38389
38390
38391
38392
38401
38402
38403
38404
38405
38407
38408
38409
38410
38412
38413
38422
38423
38425
38426
38427
38428
38447
38448
38449
38450
38451
38452
38453
38454
38455
38456
38457
38458
38467
38468
38469
38470
38471
38472
38473
38474
38475
38562
38563
38564
38565
38574
38575
38576
38577
38578
38579
38580
38581
38582
38583
38585
38594
38596
38597
38696
38697
38698
38699
38700
38701
38702
38711
38712
38713
38714
38715
38716
38717
38718
38719
38720
38721
38722
38749
38750
38751
38752
38753
38754
38755
38756
38757
38758
38759
38760
38762
38773
38774
38775
38776
38777
38779
38780
38781
38782
38784
38785
38794
38795
38796
38797
38798
38799
38800
38801
38802
38803
38804
38814
38815
38816
38817
38818
38819
38820
38821
38822
38823
38824
38825
38834
38835
38836
38837
38838
38839
38840
38841
38842
38843
38844
38845
38846
38855
38856
38858
38859
38860
38861
38862
38863
38864
38865
38875
38876
38877
38878
38879
38880
38881
38882
38883
38884
38885
38886
38895
38896
38897
38898
38899
38918
38919
38920
38921
38922
38923
38924
38925
38926
38927
38928
38929
38938
38939
38940
38941
38942
38943
38944
38965
38966
38967
38968
38969
38970
38979
38980
38982
38983
38984
38985
38986
38987
38988
38989
38990
38991
38992
39083
39084
39085
39086
39087
39088
39089
39090
39091
39092
39093
39094
39095
39104
39105
39106
39107
39108
39109
39110
39111
39112
39113
39114
39115
39142
39143
39144
39145
39146
39147
39148
39149
39150
39151
39152
39153
39162
39163
39164
39165
39166
39167
39168
39170
39171
39172
39174
39175
39184
39185
39186
39187
39189
39190
39191
39192
39193
39205
39206
39207
39443
39444
39445
39446
39447
39448
39449
39450
39451
39452
39453
39454
39463
39464
39465
39466
39467
39476
39477
39478
39479
39480
39481
39482
39483
39484
39493
39494
39495
39514
39515
39516
39517
39518
39519
39520
39521
39522
39523
39532
39533
39534
39535
39536
39537
39538
39539
39540
39541
39542
39543
39634
39635
39636
39637
39638
39639
39640
39641
39642
39643
39644
39645
39646
39655
39656
39657
39658
39659
39660
39661
39662
39663
39762
39763
39764
39765
39766
39767
39768
39770
39771
39772
39773
39774
39785
39787
39788
39789
39790
39792
39793
39794
39795
39796
39797
39824
39825
39826
39828
39829
39830
39831
39832
39833
39835
39836
39837
39846
39847
39848
39849
39850
39851
39852
39853
39854
39855
39856
39857
39866
39867
39868
39869
39870
39871
39872
39873
39874
39875
39876
39877
39878
39888
39889
39890
39891
39892
39893
39894
39895
39896
39897
39898
39907
39908
39909
39910
39911
39912
39913
39914
39915
39916
39917
39918
39919
39920
39921
39930
39931
39932
39933
39934
39935
39936
39937
39938
39939
39940
39941
39942
39943
39944
39945
39946
39947
39948
39949
39950
39951
39952
39953
39980
39981
39982
39983
39984
39985
39986
39987
39988
39989
39990
39991
40000
40001
40002
40003
40004
40005
40006
40007
40008
40009
40010
40011
40102
40103
40104
40105
40106
40107
40108
40109
40110
40111
40112
40113
40114
40123
40124
40221
40222
40223
40225
40226
40228
40229
40230
40231
40240
40241
40242
40243
40244
40245
40246
40247
40248
40249
40250
40251
40279
40280
40281
40282
40283
40284
40285
40286
40287
40288
40289
40290
40292
40301
40303
40304
40305
40306
40307
40308
40309
40310
40311
40312
40313
40322
40323
40324
40325
40326
40327
40328
40329
40330
40333
40334
40335
40336
40337
40338
40339
40348
40349
40350
40351
40352
40353
40355
40356
40358
40359
40360
40371
40373
40374
40375
40376
40377
40378
40379
40381
40382
40383
40384
40393
40394
40395
40396
40397
40398
40400
40401
40402
40403
40411
40412
40413
40422
40423
40424
40425
40426
40427
40428
40429
40432
40434
40435
40463
40464
40465
40466
40467
40468
40471
40472
40473
40474
40475
40476
40477
40478
40487
40488
40490
40491
40492
40493
40494
40577
40578
40579
40580
40581
40590
40591
40592
40593
40594
40595
40601
40602
40603
40604
40605
40606
40607
40616
40713
40714
40715
40716
40717
40718
40719
40720
40721
40722
40723
40733
40734
40735
40736
40737
40738
40739
40740
40759
40760
40761
40762
40771
40772
40773
40774
40775
40776
40777
40778
40779
40780
40781
40782
40783
40784
40785
40794
40795
40796
40797
40798
40799
40801
40802
40803
40804
40805
40806
40815
40816
40817
40818
40819
40820
40821
40822
40823
40824
40825
40826
40829
40838
40839
40840
40841
40842
40843
40844
40845
40847
40848
40849
40850
40851
40852
40861
40862
40863
40864
40865
40866
40867
40868
40869
40870
40871
40872
40881
40883
40884
40885
40886
40888
40889
40891
40892
40893
40894
40895
40896
40905
40906
40907
40908
40909
40910
40911
40912
40914
40933
40934
40943
40944
40945
40946
40947
40948
40949
40950
40951
40953
40954
40955
40956
40965
40966
40967
40968
40969
40970
40971
41055
41056
41057
41058
41059
41060
41061
41070
41071
41072
41073
41074
41075
41077
41078
41079
41080
41081
41090
41091
41196
41197
41198
41199
41200
41201
41202
41203
41204
41205
41215
41217
41218
41219
41220
41221
41222
41242
41243
41244
41245
41254
41255
41256
41257
41258
41259
41260
41261
41262
41263
41264
41265
41274
41275
41276
41277
41278
41279
41280
41281
41283
41284
41285
41295
41296
41297
41298
41299
41300
41301
41302
41303
41304
41305
41306
41315
41316
41317
41318
41319
41320
41322
41323
41324
41325
41326
41327
41336
41338
41340
41341
41342
41343
41344
41345
41346
41347
41356
41358
41359
41360
41361
41362
41364
41366
41367
41368
41379
41380
41381
41382
41384
41385
41386
41387
41388
41389
41390
41391
41393
41421
41422
41423
41424
41425
41426
41427
41428
41429
41430
41431
41440
41441
41442
41443
41444
41445
41446
41447
41448
41449
41450
41533
41534
41543
41544
41545
41546
41547
41548
41549
41550
41551
41552
41553
41554
41555
41564
41565
41566
41567
41568
41569
41666
41667
41668
41669
41670
41671
41681
41682
41683
41684
41685
41686
41688
41689
41690
41691
41692
41693
41702
41721
41722
41723
41724
41725
41726
41727
41728
41729
41730
41732
41740
41741
41742
41743
41744
41745
41746
41747
41748
41749
41750
41751
41760
41761
41762
41763
41764
41765
41766
41767
41768
41769
41770
41771
41783
41784
41785
41786
41788
41789
41790
41792
41793
41794
41804
41805
41806
41807
41808
41809
41810
41811
41812
41813
41814
41815
41823
41824
41825
41826
41828
41829
41830
41831
41832
41833
41834
41843
41844
41845
41846
41847
41848
41849
41850
41851
41852
41853
41856
41865
41866
41867
41868
41869
41888
41889
41890
41891
41892
41893
41894
41904
41905
41906
41907
41908
41909
41910
41911
41912
41913
41914
41915
41916
41925
41926
41927
41928
42011
42012
42013
42014
42015
42016
42017
42018
42019
42020
42021
42030
42031
42032
42033
42034
42035
42036
42037
42038
42135
42136
42137
42146
42147
42148
42149
42150
42151
42152
42153
42154
42155
42156
42157
42158
42159
42160
42169
42170
42171
42172
42173
42174
42193
42194
42195
42196
42197
42198
42199
42200
42201
42210
42211
42212
42213
42214
42215
42216
42217
42218
42219
42220
42221
42222
42231
42232
42233
42234
42235
42236
42237
42239
42240
42241
42242
42243
42252
42253
42254
42255
42256
42257
42258
42259
42260
42261
42262
42263
42264
42532
42533
42534
42535
42536
42545
42546
42563
42564
42565
42566
42567
42576
42577
42578
42579
42580
42581
42582
42583
42584
42585
42586
42587
42588
42597
42598
42599
42600
42601
42602
42603
42604
42605
42606
42607
42608
42609
42618
42619
42620
42621
42622
42623
42624
42625
42626
42627
42628
42629
42630
42631
42640
42641
42642
42643
42644
42645
42646
42647
42648
42649
42650
42651
42652
42661
42662
42663
42664
42665
42666
42687
42688
42689
42690
42691
42692
42693
42703
42704
42705
42706
42707
42708
42709
42710
42711
42712
42713
42714
42715
42716
42717
42726
42727
42728
42729
42730
42731
42732
42733
42734
42735
42736
42737
42746
42747
42748
42749
42750
42751
42752
42753
42754
42755
42756
42757
42766
42767
42768
42769
42770
42771
42772
42773
42774
42775
42776
42777
42786
42787
42788
42789
42790
42791
42792
42793
42794
42795
42796
42805
42806
42807
42808
42809
42810
42811
42812
42813
42814
42815
42816
42817
42818
42827
42828
42829
42830
42831
42833
42834
42835
42836
42837
42838
42865
42866
42867
42868
42869
42870
42871
42872
42874
42875
42876
42877
42878
42879
42880
42889
42890
42891
42892
42893
42894
42978
42979
42980
42981
42982
42983
42992
42993
42994
42995
42996
42997
42998
42999
43000
43098
43099
43101
43102
43111
43112
43113
43114
43115
43116
43117
43118
43119
43120
43121
43122
43123
43131
43132
43151
43152
43153
43154
43155
43156
43157
43159
43160
43161
43162
43163
43164
43173
43177
43178
43179
43180
43181
43182
43184
43185
43186
43187
43196
43197
43198
43199
43200
43201
43202
43203
43204
43205
43206
43207
43216
43217
43218
43219
43220
43221
43222
43223
43224
43225
43226
43227
43228
43229
43238
43239
43240
43241
43242
43243
43244
43245
43246
43247
43248
43249
43250
43259
43260
43261
43262
43263
43264
43266
43267
43268
43270
43271
43272
43281
43282
43283
43284
43285
43286
43287
43288
43289
43290
43291
43292
43301
43302
43303
43304
43305
43306
43329
43331
43332
43334
43335
43336
43345
43346
43347
43348
43349
43350
43351
43352
43354
43355
43356
43357
43358
43367
43368
43456
43457
43458
43459
43460
43461
43462
43463
43464
43465
43474
43475
43476
43477
43478
43479
43481
43482
43483
43484
43485
43586
43587
43588
43591
43602
43603
43604
43605
43606
43607
43608
43609
43610
43611
43612
43613
43614
43623
43624
43625
43626
43659
43660
43661
43662
43663
43672
43673
43674
43675
43676
43677
43678
43679
43680
43681
43686
43700
43701
43711
43712
43713
43714
43715
43716
43717
43718
43719
43720
43721
43722
43723
43732
43733
43748
43762
43763
43764
43765
43766
43767
43768
43769
43770
43771
43780
43783
43785
43786
43788
43821
43822
43823
43824
43833
43834
43835
43836
43837
43838
43839
43840
43841
43842
43843
43879
43880
43890
43891
43892
43893
43894
43895
43896
43897
43898
43899
43900
43901
44016
44017
44018
44019
44020
44021
44022
44023
44024
44025
44026
44027
44028
44029
44038
44039
44040
44041
44042
44143
44144
44145
44146
44147
44148
44149
44150
44158
44159
44160
44161
44162
44163
44166
44167
44168
44169
44189
44192
44201
44202
44203
44204
44205
44206
44207
44208
44209
44210
44211
44241
44242
44251
44252
44253
44254
44255
44256
44257
44258
44259
44260
44261
44262
44263
44268
44269
44278
44279
44280
44281
44282
44283
44284
44285
44286
44287
44288
44289
44290
44291
44300
44301
44302
44303
44304
44305
44306
44307
44308
44309
44310
44311
44319
44320
44321
44322
44323
44324
44325
44326
44327
44328
44329
44330
44339
44340
44341
44342
44343
44344
44345
44346
44347
44348
44367
44368
44377
44378
44379
44380
44381
44382
44383
44384
44385
44386
44387
44388
44389
44398
44399
44402
44488
44489
44490
44491
44492
44493
44494
44495
44496
44497
44498
44507
44508
44509
44510
44511
44512
44513
44614
44615
44616
44617
44618
44627
44628
44629
44630
44631
44632
44633
44634
44635
44636
44637
44638
44639
44648
44659
44660
44661
44662
44663
44664
44665
44666
44667
44669
44670
44671
44680
44681
44682
44683
44684
44685
44686
44687
44688
44689
44690
44691
44700
44701
44702
44703
44704
44705
44706
44707
44708
44709
44710
44711
44712
44721
44722
44723
44724
44725
44726
44727
44728
44729
44730
44731
44732
44733
44742
44743
44744
44745
44746
44747
44748
44749
44750
44751
44752
44754
44755
44764
44765
44766
44767
44768
44769
44770
44771
44772
44773
44774
44775
44784
44785
44786
44787
44788
44789
44790
44792
44793
44794
44795
44796
44805
44806
44807
44809
44810
44811
44812
44813
44814
44816
44817
44826
44827
44828
44829
44830
44831
44832
44833
44834
44835
44836
44837
44838
44847
44848
44849
44850
44851
44852
44853
44854
44855
44856
44857
44858
44867
44868
44869
44870
44871
44872
44873
44874
44875
44876
44877
44878
44887
44888
44889
44890
44891
44892
44893
44894
44895
44896
44897
44898
44901
44910
44911
44912
44913
44914
44915
44916
44917
44918
44919
44920
44921
44931
44932
44933
44934
44935
44936
44937
44938
44939
44940
44941
44950
45004
45005
45006
45007
45008
45009
45010
45011
45012
45013
45014
45015
45024
45025
45028
45029
45030
45031
45032
45033
45034
45056
45057
45058
45059
45060
45061
45062
45063
45064
45065
45066
45067
45068
45069
45101
45102
45103
45104
45105
45106
45107
45108
45109
45110
45111
45112
45121
45122
45169
45170
45171
45172
45173
45174
45175
45176
45177
45178
45179
45180
45182
45417
45418
45419
45420
45421
45422
45423
45424
45425
45426
45427
45428
45437
45438
45439
45440
45441
45442
45444
45445
45446
45456
45457
45458
45459
45487
45488
45489
45490
45491
45492
45493
45494
45495
45496
45498
45499
45508
45509
45526
45527
45528
45529
45560
45561
45562
45563
45564
45565
45566
45568
45569
45570
45572
45581
45582
45610
45611
45617
45619
45620
45621
45622
45623
45624
45625
45626
45627
45628
45630
45643
45656
45658
45660
45661
45662
45663
45664
45665
45666
45667
45668
45677
45708
45709
45710
45711
45712
45713
45715
45716
45717
45718
45720
45729
45730
45732
45739
45740
45746
45747
45748
45749
45750
45751
45760
45761
45762
45763
45764
45765
45766
45767
45768
45947
45948
45949
45950
45959
45960
45961
45962
45963
45964
45965
45966
46037
46038
46039
46040
46041
46042
46043
46044
46053
46054
46055
46056
46086
46087
46088
46089
46090
46091
46092
46093
46094
46095
46096
46097
46098
46099
46377
46378
46379
46380
46381
46382
46383
46384
46385
46386
46395
46396
46397
46428
46429
46430
46431
46432
46433
46434
46435
46436
46437
46438
46439
46440
46441
46442
46443
46444
46446
46447
46448
46449
46458
46459
46542
46543
46544
46545
46546
46547
46548
46549
46550
46551
46552
46553
46554
46555
46556
46653
46654
46655
46656
46657
46658
46659
46669
46670
46671
46672
46673
46674
46675
46676
46677
46678
46679
46680
46681
46682
46683
46684
46685
46686
46687
46688
46689
46690
46691
46692
46693
46702
46703
46704
46705
46706
46707
46708
46709
46710
46711
46712
46713
46714
46715
46769
46771
46772
46773
46774
46775
46776
46777
46778
46779
46780
46781
46782
46783
46792
46793
46794
46795
46796
46797
46798
46799
46800
46801
46802
46803
46805
46806
46807
46808
46809
46810
46811
46812
46813
46814
46815
46816
46825
46826
46827
46828
46829
46830
46831
46832
46833
46834
46835
46836
46837
46838
46839
46840
46841
46842
46843
46844
46845
46846
46847
46848
46849
46850
46912
46913
46914
46915
46916
46917
46918
46920
46921
46922
46923
46924
46925
46926
46927
46928
46929
46930
46931
46932
47015
47016
47017
47018
47027
47028
47029
47030
47031
47032
47033
47034
47035
47036
47038
47136
47137
47138
47139
47140
47141
47142
47143
47144
47145
47147
47148
47157
47158
47159
47160
47161
47215
47217
47218
47219
47220
47222
47223
47232
47233
47234
47235
47236
47238
47239
47242
47243
47254
47255
47256
47257
47258
47259
47260
47262
47263
47264
47266
47267
47268
47271
47272
47273
47274
47275
47276
47277
47278
47279
47280
47281
47282
47291
47292
47293
47294
47295
47296
47297
47298
47299
47301
47302
47304
47305
47306
47307
47308
47309
47311
47312
47313
47314
47315
47316
47317
47326
47327
47328
47329
47330
47331
47332
47333
47334
47335
47336
47337
47338
47339
47340
47341
47342
47343
47397
47401
47402
47403
47404
47405
47406
47408
47419
47421
47422
47423
47424
47425
47426
47427
47428
47511
47512
47513
47514
47515
47516
47517
47518
47519
47520
47521
47522
47523
47524
47533
47534
47535
47536
47537
47538
47635
47636
47637
47638
47639
47640
47641
47642
47643
47644
47645
47646
47647
47648
47649
47650
47651
47652
47653
47654
47655
47675
47676
47697
47698
47699
47700
47701
47702
47703
47704
47705
47706
47707
47708
47709
47710
47711
47712
47713
47715
47716
47717
47718
47719
47720
47721
47730
47731
47732
47733
47734
47735
47736
47737
47738
47739
47741
47742
47743
47744
47745
47746
47747
47748
47749
47750
47751
47752
47753
47754
47763
47764
47765
47767
47768
47769
47770
47771
47772
47773
47774
47775
47776
47777
47779
47780
47781
47782
47783
47784
47785
47787
47798
47799
47800
47801
47802
47803
47804
47805
47806
47807
47808
47809
47810
47811
47812
47813
47814
47815
47816
47819
47820
47821
47822
47823
47824
47833
47834
47835
47836
47837
47838
47839
47840
47842
47843
47944
47945
47946
47948
47949
47950
47952
47953
47954
47955
47956
47957
47968
47969
47970
47971
47972
47973
48070
48071
48073
48074
48075
48076
48077
48078
48079
48080
48081
48082
48084
48085
48086
48087
48088
48153
48154
48155
48156
48157
48158
48159
48160
48161
48162
48163
48164
48165
48166
48167
48168
48169
48170
48171
48172
48173
48174
48175
48185
48186
48188
48189
48190
48191
48192
48193
48194
48195
48196
48197
48198
48199
48200
48201
48202
48203
48204
48205
48206
48207
48208
48217
48218
48219
48221
48222
48223
48224
48225
48226
48227
48228
48229
48230
48231
48232
48233
48287
48288
48293
48294
48295
48296
48297
48306
48307
48308
48310
48311
48312
48313
48314
48315
48316
48317
48318
48319
48320
48321
48322
48323
48324
48325
48326
48327
48328
48329
48330
48331
48332
48341
48342
48343
48344
48345
48346
48347
48348
48349
48350
48433
48434
48435
48436
48437
48438
48440
48441
48442
48443
48453
48454
48463
48464
48465
48466
48467
48468
48565
48566
48567
48568
48569
48570
48571
48572
48573
48574
48575
48576
48577
48578
48579
48580
48581
48582
48583
48592
48646
48647
48648
48649
48650
48652
48654
48655
48656
48657
48658
48659
48660
48661
48662
48663
48665
48666
48667
48668
48669
48670
48679
48680
48682
48683
48684
48685
48686
48687
48688
48689
48690
48691
48692
48694
48696
48697
48698
48699
48700
48701
48702
48711
48712
48713
48714
48715
48716
48717
48719
48720
48721
48722
48723
48724
48725
48726
48727
48728
48729
48730
48731
48732
48733
48734
48735
48736
48745
48746
48747
48748
48749
48750
48751
48752
48753
48754
48755
48757
48758
48759
48760
48761
48762
48816
48817
48818
48819
48820
48821
48822
48823
48824
48833
48834
48835
48836
48837
48838
48839
48840
48841
48842
48926
48927
48928
48929
48930
48931
48932
48933
48934
48935
48936
48937
48938
48939
48948
48949
48950
48951
48952
48953
49050
49051
49052
49053
49054
49055
49056
49057
49058
49059
49060
49061
49062
49063
49064
49065
49066
49067
49068
49069
49134
49135
49136
49137
49138
49139
49140
49142
49143
49144
49145
49146
49147
49148
49149
49151
49152
49153
49154
49155
49156
49157
49158
49159
49168
49169
49170
49171
49172
49173
49176
49177
49178
49179
49180
49181
49182
49183
49184
49185
49186
49187
49188
49189
49190
49191
49192
49201
49202
49203
49204
49205
49207
49208
49209
49210
49211
49212
49213
49214
49215
49216
49217
49218
49219
49220
49221
49222
49223
49224
49225
49234
49235
49236
49237
49238
49239
49240
49241
49242
49243
49244
49245
49246
49247
49301
49302
49303
49304
49305
49306
49307
49308
49309
49310
49311
49312
49313
49314
49323
49324
49325
49326
49327
49332
49334
49335
49336
49337
49338
49339
49340
49341
49342
49343
49344
49345
49346
49347
49348
49349
49350
49351
49352
49353
49354
49363
49364
49365
49367
49368
49369
49370
49371
49372
49373
49374
49375
49376
49377
49378
49379
49380
49381
49382
49383
49384
49385
49386
49387
49388
49526
49535
49536
49537
49538
49539
49540
49541
49542
49543
49544
49545
49546
49547
49548
49647
49648
49649
49650
49651
49652
49653
49654
49655
49656
49665
49666
49667
49668
49669
49670
49671
49672
49673
49674
49675
49677
49679
49680
49681
49682
49683
49684
49685
49686
49687
49688
49689
49698
49699
49701
49702
49703
49704
49705
49706
49707
49708
49709
49710
49711
49712
49713
49714
49715
49716
49717
49718
49719
49720
49721
49722
49723
49724
49733
49734
49735
49736
49737
49738
49739
49741
49742
49743
49744
49745
49746
49747
49748
49749
49750
49751
49752
49753
49754
49755
49756
49757
49766
49767
49768
49769
49770
49771
49772
49773
49774
49775
49776
49777
49778
49779
49780
49781
49782
49783
49784
49785
49786
49787
49788
49789
49790
49801
49802
49804
49805
49806
49807
49808
49809
49810
49811
49812
49813
49814
49815
49816
49817
49818
49819
49820
49821
49822
49823
49824
49834
49835
49836
49838
49839
49840
49841
49842
49843
49844
49845
49846
49847
49848
49849
49850
49851
49852
49853
49854
49855
49856
49857
49866
49867
49868
49869
49870
49871
49872
49873
49874
49875
49876
49877
49878
49879
49881
49882
49883
49884
49885
49886
49887
49888
49889
49890
49899
49900
49901
49902
49903
49904
49905
49906
49907
49908
49909
49910
49911
49912
49913
49914
49915
49916
49917
49918
49919
49920
49921
49922
49931
49932
49933
49934
49935
49936
49937
49938
49939
49941
49942
49943
49944
49947
49948
49955
50022
50023
50024
50025
50026
50027
50028
50029
50030
50031
50032
50033
50035
50036
50037
50242
50243
50244
50245
50247
50248
50249
50250
50251
50252
50253
50254
50263
50264
50265
50266
50268
50269
50270
50271
50272
50273
50274
50275
50276
50277
50278
50279
50280
50281
50282
50283
50284
50285
50286
50287
50288
50289
50298
50299
50300
50301
50302
50303
50304
50305
50306
50307
50308
50309
50310
50311
50312
50313
50315
50316
50317
50318
50319
50320
50321
50322
50323
50324
50325
50326
50327
50328
50329
50330
50331
50332
50856
50857
50858
50859
50860
50861
50915
50916
50917
50918
50919
50920
50921
50922
50923
50924
50925
50926
50927
50928
50929
50938
50939
50940
50941
50942
50943
50944
50945
50946
50947
50948
50949
50950
50951
50952
50953
50954
50955
50957
50958
50959
50960
50961
50962
50971
50972
50973
50974
50975
50976
50977
50978
50979
50980
50981
50982
50983
50984
50985
50986
50987
50988
50989
50990
50991
50992
50993
50994
50995
50997
51006
51007
51008
51009
51010
51011
51012
51013
51014
51015
51016
51017
51018
51019
51020
51021
51022
51024
51025
51026
51027
51028
51029
51030
51040
51041
51042
51043
51044
51045
51046
51047
51048
51049
51050
51051
51052
51053
51054
51055
51056
51057
51058
51059
51060
51061
51062
51063
51064
51133
51134
51135
51136
51137
51138
51139
51140
51141
51142
51143
51145
51146
51147
51148
51239
51240
51241
51242
51243
51244
51245
51246
51247
51248
51249
51251
51252
51253
51254
51255
51256
51257
51258
51259
51364
51365
51366
51367
51368
51369
51370
51371
51372
51373
51374
51375
51376
51378
51379
51380
51381
51382
51383
51385
51386
51387
51396
51397
51398
51399
51400
51401
51402
51405
51406
51407
51408
51409
51410
51411
51412
51413
51414
51415
51416
51417
51418
51419
51420
51421
51422
51423
51432
51433
51434
51435
51436
51437
51438
51439
51440
51441
51442
51443
51444
51445
51446
51447
51448
51449
51450
51452
51453
51454
51455
51456
51457
51467
51468
51469
51470
51472
51473
51474
51475
51476
51479
51480
51481
51482
51483
51484
51485
51486
51487
51488
51489
51490
51491
51492
51493
51502
51503
51504
51505
51506
51507
51508
51509
51510
51511
51512
51513
51514
51568
51569
51570
51573
51575
51576
51577
51578
51579
51580
51581
51590
51591
51592
51593
51594
51595
51678
51679
51680
51681
51682
51684
51685
51686
51687
51688
51689
51690
51691
51692
51693
51694
51696
51705
51706
51804
51805
51806
51807
51809
51810
51811
51812
51813
51814
51815
51816
51819
51820
51821
51822
51823
51824
51825
51826
51827
51828
51829
51838
51839
51840
51841
51842
51843
51844
51845
51846
51847
51848
51849
51850
51851
51860
51861
51862
51863
51864
51865
51867
51868
51869
51870
51871
51872
51874
51875
51876
51877
51878
51879
51880
51881
51882
51883
51884
51893
51894
51895
51896
51897
51898
51899
51900
51901
51902
51905
51906
51907
51908
51909
51910
51911
51912
51913
51916
51917
51918
51919
51920
51930
51931
51932
51933
51934
51935
51937
51938
51939
51941
51942
51943
51944
51945
51946
51947
51948
51949
51950
51951
51952
51953
51954
51955
51965
51966
51967
51968
51969
52024
52025
52026
52027
52028
52030
52031
52032
52033
52034
52035
52036
52037
52038
52040
52041
52127
52128
52129
52130
52131
52140
52141
52142
52143
52144
52145
52146
52147
52148
52149
52150
52151
52152
52249
52250
52251
52252
52253
52254
52255
52256
52257
52260
52261
52262
52263
52272
52273
52274
52275
52276
52277
52278
52279
52280
52281
52282
52283
52284
52285
52286
52287
52288
52290
52291
52292
52293
52294
52295
52296
52305
52306
52307
52308
52309
52310
52311
52313
52314
52315
52316
52317
52318
52319
52321
52322
52323
52325
52326
52327
52328
52329
52338
52339
52340
52341
52342
52343
52344
52345
52346
52347
52349
52350
52351
52352
52353
52354
52355
52357
52358
52359
52360
52361
52362
52363
52372
52373
52374
52375
52377
52378
52380
52381
52382
52383
52384
52386
52387
52388
52389
52390
52391
52392
52393
52394
52396
52397
52398
52460
52461
52462
52463
52464
52465
52466
52467
52468
52469
52470
52471
52472
52473
52474
52476
52477
52478
52564
52565
52566
52567
52568
52578
52579
52580
52581
52582
52583
52584
52585
52586
52587
52588
52589
52591
52592
52692
52693
52694
52696
52697
52698
52699
52700
52701
52702
52711
52712
52713
52714
52716
52717
52718
52719
52720
52721
52722
52723
52724
52725
52726
52727
52729
52730
52731
52732
52733
52734
52735
52746
52747
52748
52749
52750
52751
52752
52753
52754
52755
52756
52757
52758
52759
52760
52761
52762
52765
52766
52767
52768
52769
52770
52771
52781
52782
52783
52784
52785
52786
52787
52788
52789
52790
52791
52792
52793
52794
52795
52796
52797
52798
52800
52801
52802
52803
52804
52805
52814
52815
52816
52822
52823
52824
52825
52826
52827
52828
52829
52830
52831
52832
52833
52834
52835
52836
52839
52840
52841
52896
52907
52908
52909
52910
52911
52912
52913
52914
52915
52916
52917
52918
52919
52920
53004
53005
53006
53007
53008
53009
53010
53011
53012
53020
53021
53023
53024
53025
53026
53027
53028
53126
53127
53129
53132
53133
53134
53135
53136
53137
53138
53139
53140
53141
53151
53152
53153
53154
53155
53156
53157
53158
53159
53160
53161
53162
53163
53164
53165
53166
53167
53168
53169
53170
53171
53172
53173
53182
53183
53184
53185
53186
53187
53188
53190
53192
53193
53194
53195
53196
53199
53200
53201
53202
53203
53204
53205
53206
53207
53208
53209
53218
53219
53220
53222
53223
53224
53225
53226
53227
53228
53229
53230
53231
53232
53233
53234
53235
53236
53237
53238
53239
53240
53241
53250
53251
53252
53253
53255
53256
53257
53258
53260
53261
53262
53263
53264
53265
53266
53267
53268
53269
53270
53271
53272
53273
53328
53329
53330
53331
53332
53333
53334
53336
53337
53338
53339
53340
53341
53342
53344
53345
53346
53347
53431
53432
53433
53434
53435
53444
53445
53446
53447
53448
53449
53450
53451
53452
53453
53454
53455
53456
53555
53556
53557
53558
53559
53560
53561
53564
53565
53566
53567
53576
53577
53578
53579
53580
53581
53583
53584
53585
53586
53587
53588
53589
53590
53591
53592
53593
53594
53595
53596
53597
53598
53599
53600
53609
53610
53611
53612
53613
53614
53615
53616
53617
53618
53619
53620
53621
53622
53623
53624
53625
53626
53627
53628
53629
53630
53631
53632
53633
53634
53643
53644
53645
53646
53647
53648
53649
53650
53651
53652
53653
53654
53655
53656
53658
53659
53660
53661
53662
53663
53664
53665
53666
53667
53668
53669
53670
53679
53680
53681
53682
53683
53685
53686
53687
53688
53689
53690
53691
53692
53693
53694
53695
53696
53697
53698
53699
53753
53754
53755
53764
53765
53768
53769
53770
53771
53772
53773
53774
53775
53776
53777
53778
53779
53780
53781
53782
53783
53784
53785
53786
53787
53794
53795
53796
53797
53806
53807
53808
53809
53810
53811
53813
53814
53815
53816
53817
53819
53820
53821
53822
53823
53824
53825
53826
53827
53828
53829
53830
53839
53840
53841
53842
53843
53844
53845
53846
53847
53848
53849
53850
53851
53853
53854
53938
53939
53940
53942
53943
53944
53945
53946
53956
53957
53958
53959
53960
53961
53962
53963
53964
53966
53967
53968
53969
53970
53971
53972
53973
53974
53975
53977
53978
53979
53980
53989
53990
53991
53992
53993
53994
53996
53997
53998
53999
54001
54002
54003
54004
54005
54006
54007
54008
54009
54010
54011
54012
54013
54023
54024
54025
54026
54082
54083
54084
54085
54086
54088
54089
54090
54091
54092
54093
54094
54095
54096
54097
54098
54099
54100
54101
54102
54111
54113
54114
54115
54116
54117
54120
54121
54122
54123
54124
54125
54223
54225
54226
54227
54228
54229
54230
54231
54232
54233
54235
54244
54245
54246
54247
54248
54249
54250
54251
54254
54255
54256
54257
54258
54259
54260
54261
54270
54271
54272
54273
54274
54275
54276
54277
54278
54279
54280
54281
54282
54283
54284
54285
54286
54287
54288
54289
54290
54292
54293
54294
54304
54305
54306
54307
54308
54309
54310
54311
54312
54314
54317
54319
54322
54323
54324
54325
54326
54327
54328
54330
54339
54340
54341
54342
54343
54344
54345
54346
54347
54348
54349
54350
54351
54352
54353
54354
54355
54356
54357
54358
54360
54361
54370
54371
54373
54374
54428
54429
54430
54432
54433
54434
54435
54436
54437
54438
54439
54440
54441
54442
54443
54444
54446
54467
54468
54473
54476
54477
54478
54479
54481
54482
54483
54484
54485
54487
54488
54489
54491
54499
54500
54501
54511
54512
54513
54514
54515
54517
54518
54519
54520
54522
54523
54524
54525
54526
54527
54610
54611
54612
54613
54614
54615
54618
54619
54628
54629
54631
54632
54633
54635
54636
54637
54638
54735
54736
54737
54738
54740
54741
54742
54744
54745
54746
54747
54748
54749
54750
54759
54760
54761
54763
54764
54765
54766
54767
54768
54769
54770
54771
54772
54773
54774
54776
54777
54778
54779
54780
54781
54782
54783
54784
54793
54794
54795
54796
54797
54798
54799
54800
54801
54802
54803
54804
54805
54806
54807
54808
54809
54812
54813
54814
54815
54816
54817
54818
54827
54881
54882
54883
54884
54885
54886
54887
54888
54889
54890
54891
54892
54893
54894
54895
54896
54897
54899
54900
54909
54910
54911
54920
54921
54922
54923
54924
54925
54926
54927
54928
54929
54931
54932
54933
54934
54935
54936
54937
54938
54939
54940
54941
54942
54943
54944
54954
54955
54956
54958
54959
54960
54961
54962
54963
54964
54965
54966
54967
54968
54969
54970
54971
54972
55056
55057
55058
55059
55060
55061
55070
55071
55072
55073
55074
55075
55076
55078
55080
55081
55082
55083
55084
55085
55086
55087
55088
55089
55090
55091
55093
55094
55095
55104
55105
55107
55108
55109
55110
55111
55112
55113
55114
55115
55116
55117
55214
55215
55216
55217
55219
55220
55221
55222
55223
55224
55225
55227
55228
55229
55230
55239
55240
55241
55242
55244
55245
55246
55247
55248
55249
55250
55251
55252
55253
55254
55255
55256
55257
55258
55259
55260
55261
55262
55271
55273
55327
55328
55329
55330
55331
55332
55333
55334
55335
55336
55337
55338
55339
55340
55341
55342
55343
55344
55345
55346
55429
55438
55440
55441
55442
55443
55445
55446
55447
55448
55449
55450
55451
55452
55453
55454
55455
55456
55457
55458
55555
55556
55558
55559
55560
55561
55570
55571
55572
55573
55574
55575
55576
55577
55578
55579
55580
55581
55582
55583
55584
55585
55586
55587
55588
55589
55591
55592
55593
55594
55603
55604
55605
55606
55607
55608
55609
55610
55611
55612
55613
55614
55615
55616
55617
55618
55619
55620
55621
55623
55624
55625
55626
55627
55628
55637
55638
55639
55640
55641
55642
55643
55644
55645
55646
55648
55649
55650
55651
55652
55653
55654
55655
55656
55657
55658
55659
55660
55661
55670
55671
55672
55673
55674
55675
55676
55677
55678
55679
55680
55681
55682
55683
55684
55685
55686
55687
55692
55693
55694
55695
55696
55709
55712
55769
55770
55771
55774
55775
55777
55778
55779
55780
55781
55795
55804
55805
55806
55807
55808
55809
55810
55811
55812
55813
55814
55815
55816
55818
55819
55820
55821
55822
55823
55824
55825
55826
55837
55838
55839
55840
55841
56238
56239
56240
56241
56242
56243
56244
56245
56246
56247
56248
56249
56250
56251
56252
56253
56254
56255
56256
56257
56258
56260
56261
56262
56263
56264
56265
56266
56267
56268
56269
56270
56271
56272
56273
56274
56275
56276
56277
56278
56279
56280
56281
56282
56283
56285
56286
56287
56288
56289
56290
56291
56292
56293
56294
56295
56296
56297
56298
56299
56300
56301
56302
56303
56304
56305
56306
56307
56308
56309
56311
56312
56313
56314
56318
56319
56320
56374
56375
56376
56377
56378
56379
56381
56382
56383
56385
56386
56387
56388
56389
56390
56391
56392
56393
56394
56396
56584
56585
56586
56587
56588
56589
56590
56591
56592
56593
56594
56595
56596
56597
56598
56599
56600
56601
56602
56603
56604
56605
56606
56607
56608
56609
56610
56611
56612
56613
56614
56616
56617
56618
56619
56620
56621
56622
56623
56625
56627
56628
56629
56630
56631
56632
56633
56634
56635
56636
56637
56638
56639
56640
56641
56642
56643
56644
56645
56646
56647
56648
56649
56650
56651
56652
56654
56655
56656
56657
56658
56659
56661
56663
56666
56667
56668
56669
56670
56671
56673
56674
56675
56676
56677
56678
56679
56680
56681
56682
56683
56684
56685
56686
56687
56688
56690
56692
56693
56694
56695
56696
56697
56698
56700
56701
56703
56704
56705
56706
56707
56708
56709
56710
56711
56712
56713
56715
56716
56717
56718
56719
56720
56721
56722
56723
56785
56786
56787
56788
56789
56790
56791
56792
56793
56794
56795
56796
56797
56798
56883
56884
56885
56886
56887
56888
56889
56890
56891
56892
56894
56895
56896
56897
56898
56899
56900
56901
56902
56903
56904
56905
56906
56907
56908
56909
56910
56911
56912
56913
56914
56915
56916
56917
56918
56919
56921
56922
56923
56924
56925
56926
56927
56928
56929
56930
56931
56932
56933
56934
56935
56936
56937
56938
56939
56940
56941
56942
56944
56945
56947
56948
56949
56950
56951
56953
56954
56955
56956
56957
56958
56959
56960
56961
56962
56963
56964
56968
56969
56970
56971
56974
56975
56976
56977
56978
56979
56980
56981
56982
56983
56984
56985
56987
56988
56989
56990
56991
56992
56993
56994
56995
56996
56997
56998
57000
57001
57002
57003
57004
57005
57006
57007
57008
57009
57010
57011
57012
57013
57014
57015
57017
57021
57022
57023
57030
57031
57033
57034
57035
57036
57038
57039
57040
57041
57042
57043
57044
57480
57481
57482
57483
57484
57485
57486
57487
57488
57489
57490
57491
57492
57493
57494
57495
57496
57497
57498
57499
57501
57502
57503
57504
57505
57506
57507
57509
57510
57511
57512
57513
57514
57515
57516
57517
57519
57520
57521
57522
57524
57525
57527
57528
57529
57530
57531
57532
57533
57534
57535
57536
57538
57539
57540
57541
57542
57544
57545
57546
57547
57548
57549
57550
57551
57552
57554
57555
57556
57557
57558
57559
57560
57561
57562
57563
57565
57566
57567
57568
57569
57570
57571
57572
57573
57574
57575
57576
57577
57578
57579
57580
57582
57583
57585
57586
57587
57588
57589
57590
57591
57592
57593
57594
57595
57596
57597
57598
57599
57600
57601
57602
57603
57608
57609
57610
57611
57612
57613
57614
57615
57616
57617
57618
57619
57620
57622
57623
57624
57625
57626
57680
57681
57682
57683
57684
57685
57686
57687
57688
57689
57690
57691
57692
57693
57695
57696
57697
57698
57699
57700
57785
57786
57787
57788
57789
57790
57791
57792
57793
57794
57796
57797
57798
57799
57800
57801
57802
57803
57804
57805
57806
57807
57808
57809
57810
57811
57812
57813
57814
57815
57816
57817
57818
57819
57820
57821
57822
57823
57824
57825
57826
57827
57828
57829
57830
57831
57832
57834
57835
57836
57837
57838
57839
57840
57841
57842
57843
57844
57845
57846
57847
57848
57850
57853
57854
57855
57856
57857
57858
57859
57860
57862
57863
57864
57865
57866
57867
57868
57869
57870
57871
57872
57873
57874
57875
57876
57878
57879
57880
57881
57882
57883
57884
57885
57886
57887
57888
57889
57890
57891
57892
57895
57898
57953
57954
57956
57957
57959
57960
57962
57963
57964
57965
57966
57967
57968
57969
57970
57971
57972
57973
58057
58058
58059
58060
58061
58062
58064
58065
58066
58067
58068
58069
58073
58075
58078
58079
58080
58081
58082
58083
58084
58085
58086
58087
58088
58089
58090
58092
58093
58094
58095
58096
58097
58099
58100
58101
58102
58103
58104
58106
58107
58108
58109
58110
58111
58112
58113
58114
58115
58116
58117
58118
58120
58121
58122
58123
58124
58126
58232
58233
58234
58235
58236
58237
58238
58239
58240
58241
58242
58243
58244
58245
58246
58247
58248
58249
58250
58251
58252
58253
58254
58255
58256
58258
58259
58260
58261
58262
58263
58264
58265
58266
58268
58269
58270
58271
58272
58273
58274
58275
58276
58277
58278
58279
58280
58281
58282
58285
58286
58287
58288
58289
58291
58292
58293
58294
58295
58296
58297
58354
58355
58356
58357
58358
58359
58360
58362
58363
58364
58365
58366
58367
58368
58369
58370
58371
58372
58373
58457
58458
58459
58460
58461
58462
58463
58464
58465
58466
58467
58468
58469
58471
58472
58473
58475
58476
58477
58478
58479
58480
58481
58483
58485
58486
58487
58488
58489
58490
58492
58493
58494
58495
58496
58497
58498
58499
58500
58501
58502
58503
58504
58505
58506
58507
58508
58509
58510
58511
58512
58514
58515
58516
58517
58518
58519
58520
58521
58522
58524
58525
58526
58527
58528
58529
58530
58531
58532
58533
58534
58535
58536
58538
58539
58540
58541
58542
58543
58544
58545
58546
58547
58548
58549
58550
58552
58554
58555
58556
58557
58559
58560
58561
58562
58563
58564
58565
58566
58567
58569
58570
58571
58573
58575
58578
58579
58581
58582
58583
58584
58585
58586
58587
58588
58589
58590
58591
58593
58594
58595
58596
58597
58598
58652
58653
58654
58655
58656
58657
58658
58659
58660
58661
58662
58663
58664
58665
58666
58667
58669
58670
58671
58672
58673
58756
58757
58758
58759
58760
58761
58762
58763
58764
58765
58766
58767
58768
58769
58771
58772
58773
58775
58776
58777
58778
58779
58780
58781
58783
58784
58785
58786
58787
58788
58789
58790
58792
58793
58794
58795
58796
58797
58798
58799
58800
58801
58802
58803
58804
58805
58806
58807
58808
58809
58810
58811
58812
58813
58814
58815
58816
58817
58818
58819
58820
58821
58822
58823
58824
58826
58827
58829
58831
58832
58833
58834
58835
58836
