5200001
5200002
5200003
5200004
5200005
5200006
5200007
5200008
5200009
5200010
5200011
5200012
5200013
5200014
5200015
5200016
5200017
5200018
5200019
5200020
5200021
5200023
5200025
5200026
5200027
5200028
5200029
5200030
5200031
5200032
5200033
5200035
5200036
5200037
5200038
5200039
5200040
5200041
5200042
5200043
5200044
5200045
5200046
5200047
5200048
5200049
5200050
5200051
5200052
5200053
5200054
5200065
5200066
5200067
5200068
5200069
5200070
5200071
5200072
5200073
5200074
5200075
5200076
5200077
5200078
5200079
5200080
5200081
5200082
5200083
5200084
5200085
5200086
5200087
5200088
5200089
5200090
5200091
5200092
5200093
5200094
5200095
5200096
5200097
5200098
5200099
5200179
5200180
5200181
5200182
5200183
5200184
5200185
5200186
5200187
5200188
5200189
5200190
5200191
5200192
5200193
5200194
5200195
5200196
5200197
5200198
5200205
5200206
5200207
5200208
5200209
5200210
5200211
5200212
5200213
5200214
5200215
5200216
5200217
5200219
5200220
5200221
5200222
5200223
5200224
5200225
5200227
5200228
5200229
5200230
5200231
5200233
5200234
5200235
5200236
5200237
5200238
5200239
5200240
5200242
5200243
5200244
5200245
5200246
5200248
5200249
5200250
5200251
5200252
5200253
5200254
5200256
5200257
5200258
5200259
5200260
5200261
5200262
5200263
5200265
5200266
5200267
5200268
5200269
5200270
5200271
5200272
5200273
5200274
5200275
5200276
5200277
5200278
5200279
5200281
5200282
5200284
5200285
5200286
5200287
5200288
5200289
5200290
5200291
5200292
5200293
5200294
5200296
5200297
5200298
5200299
5200300
5200301
5200302
5200303
5200304
5200305
5200307
5200308
5200310
5200311
5200312
5200313
5200314
5200315
5200316
5200317
5200318
5200319
5200320
5200321
5200322
5200323
5200324
5200325
5200326
5200327
5200328
5200330
5200331
5200332
5200333
5200334
5200336
5200337
5200338
5200339
5200340
5200341
5200342
5200344
5200345
5200346
5200347
5200348
5200349
5200350
5200351
5200352
5200353
5200354
5200355
5200356
5200357
5200360
5200361
5200362
5200364
5200365
5200366
5200367
5200368
5200369
5200371
5200372
5200373
5200374
5200375
5200376
5200380
5200381
5200382
5200383
5200384
5200385
5200386
5200387
5200388
5200389
5200390
5200391
5200393
5200394
5200396
5200397
5200398
5200399
5200400
5200401
5200402
5200403
5200404
5200405
5200407
5200408
5200409
5200410
5200412
5200413
5200414
5200415
5200416
5200417
5200418
5200419
5200420
5200421
5200422
5200424
5200425
5200426
5200427
5200428
5200429
5200430
5200432
5200433
5200434
5200435
5200436
5200437
5200438
5200512
5200513
5200514
5200515
5200516
5200517
5200518
5200519
5200520
5200521
5200522
5200523
5200524
5200525
5200526
5200527
5200528
5200529
5200530
5200531
5200532
5200533
5200534
5200535
5200536
5200537
5200538
5200614
5200711
5200712
5200742
5200743
5200744
5200745
5200746
5200747
5200748
5200749
5200750
5200751
5200752
5200753
5200754
5200755
5200756
5200757
5200758
5200759
5200760
5200761
5200762
5200763
5200764
5200867
5200868
5200869
5200870
5200871
5200872
5200873
5200874
5200875
5200876
5200877
5200878
5200879
5200880
5200881
5200882
5200883
5200884
5200885
5200886
5200887
5200888
5200889
5200890
5200891
5200892
5200893
5200894
5200895
5200896
5200897
5200898
5200899
5200900
5200901
5200902
5200903
5200904
5200905
5200906
5200907
5200908
5200909
5200910
5200911
5200912
5200913
5200914
5200915
5200916
5200917
5200918
5200919
5200920
5200921
5200922
5200923
5200924
5200925
5200926
5200927
5200928
5200929
5200930
5200931
5200932
5200934
5200935
5200936
5200937
5200938
5200939
5200940
5200941
5200942
5200943
5200944
5200945
5200946
5200947
5200948
5200949
5200950
5200952
5200953
5200957
5200958
5200959
5200960
5200961
5200962
5200963
5200964
5200965
5200966
5200967
5200968
5200969
5200970
5200971
5200972
5200973
5200974
5200975
5200976
5200977
5200978
5200979
5200980
5200981
5200982
5200983
5200998
5200999
5201000
5201001
5201002
5201003
5201004
5201005
5201006
5201007
5201008
5201009
5201010
5201011
5201012
5201016
5201017
5201179
5201180
5201181
5201182
5201183
5201184
5201185
5201186
5201187
5201188
5201189
5201190
5201191
5201192
5201193
5201194
5201195
5201196
5201197
5201198
5201199
5201200
5201201
5201202
5201203
5201204
5201205
5201206
5201207
5201208
5201209
5201210
5201211
5201212
5201213
5201214
5201215
5201216
5201217
5201218
5201219
5201220
5201221
5201325
5201326
5201327
5201328
5201329
5201330
5201331
5201334
5201335
5201336
5201338
5201339
5201340
5201341
5201342
5201343
5201344
5201345
5201346
5201347
5201348
5201349
5201350
5201366
5201471
5201472
5201473
5201474
5201475
5201476
5201477
5201478
5201479
5201480
5201481
5201482
5201483
5201484
5201485
5201486
5201487
5201488
5201489
5201490
5201491
5201492
5201493
5201494
5201495
5201496
5201497
5201498
5201499
5201500
5201501
